NACA 2415                                       
 Alfa =   2.00000 Re =   100000.000 Xflap,Yflap =     0.000000    0.000000
#    x        y        Cp  
   1.00000  0.00157  0.12061
   0.99698  0.00234  0.11523
   0.99220  0.00350  0.10593
   0.98711  0.00471  0.09659
   0.98172  0.00600  0.08626
   0.97602  0.00736  0.07536
   0.97002  0.00878  0.06425
   0.96372  0.01024  0.05281
   0.95714  0.01176  0.04107
   0.95029  0.01333  0.02914
   0.94320  0.01494  0.01705
   0.93591  0.01657  0.00503
   0.92845  0.01823 -0.00718
   0.92083  0.01991 -0.01937
   0.91310  0.02159 -0.03128
   0.90526  0.02328 -0.04307
   0.89733  0.02496 -0.05454
   0.88932  0.02664 -0.06577
   0.88125  0.02832 -0.07673
   0.87312  0.02998 -0.08749
   0.86495  0.03164 -0.09818
   0.85675  0.03329 -0.10865
   0.84852  0.03492 -0.11913
   0.84028  0.03653 -0.12939
   0.83203  0.03813 -0.13980
   0.82375  0.03971 -0.15037
   0.81547  0.04127 -0.16136
   0.80717  0.04282 -0.17283
   0.79886  0.04434 -0.18526
   0.79054  0.04585 -0.19874
   0.78222  0.04734 -0.21383
   0.77388  0.04882 -0.23093
   0.76555  0.05027 -0.25058
   0.75722  0.05170 -0.27336
   0.74888  0.05312 -0.29984
   0.74054  0.05451 -0.33016
   0.73220  0.05589 -0.36500
   0.72385  0.05725 -0.40578
   0.71550  0.05858 -0.45482
   0.70715  0.05990 -0.50423
   0.69880  0.06120 -0.55369
   0.69044  0.06247 -0.59213
   0.68209  0.06373 -0.59487
   0.67374  0.06497 -0.59746
   0.66539  0.06618 -0.59994
   0.65704  0.06738 -0.60235
   0.64869  0.06855 -0.60471
   0.64035  0.06970 -0.60703
   0.63201  0.07083 -0.60934
   0.62367  0.07194 -0.61165
   0.61533  0.07302 -0.61396
   0.60700  0.07409 -0.61629
   0.59867  0.07513 -0.61866
   0.59034  0.07615 -0.62107
   0.58202  0.07714 -0.62354
   0.57370  0.07812 -0.62608
   0.56538  0.07906 -0.62871
   0.55707  0.07999 -0.63142
   0.54876  0.08089 -0.63424
   0.54047  0.08177 -0.63719
   0.53218  0.08262 -0.64027
   0.52390  0.08344 -0.64351
   0.51564  0.08424 -0.64692
   0.50739  0.08502 -0.65053
   0.49914  0.08576 -0.65435
   0.49090  0.08648 -0.65840
   0.48267  0.08717 -0.66272
   0.47444  0.08784 -0.66731
   0.46622  0.08847 -0.67221
   0.45801  0.08908 -0.67744
   0.44982  0.08966 -0.68302
   0.44165  0.09021 -0.68897
   0.43351  0.09074 -0.69529
   0.42539  0.09123 -0.70201
   0.41731  0.09168 -0.70907
   0.40926  0.09210 -0.71647
   0.40125  0.09249 -0.72426
   0.39327  0.09283 -0.73246
   0.38532  0.09314 -0.74111
   0.37740  0.09341 -0.75017
   0.36951  0.09364 -0.75966
   0.36164  0.09382 -0.76950
   0.35379  0.09397 -0.77965
   0.34597  0.09407 -0.79005
   0.33817  0.09414 -0.80067
   0.33040  0.09415 -0.81131
   0.32265  0.09413 -0.82209
   0.31493  0.09406 -0.83283
   0.30724  0.09395 -0.84353
   0.29957  0.09379 -0.85411
   0.29193  0.09358 -0.86461
   0.28432  0.09333 -0.87497
   0.27674  0.09303 -0.88504
   0.26919  0.09269 -0.89502
   0.26168  0.09230 -0.90476
   0.25420  0.09186 -0.91436
   0.24677  0.09137 -0.92351
   0.23938  0.09083 -0.93266
   0.23203  0.09025 -0.94146
   0.22474  0.08962 -0.94996
   0.21751  0.08894 -0.95823
   0.21033  0.08821 -0.96601
   0.20322  0.08743 -0.97363
   0.19617  0.08660 -0.98079
   0.18919  0.08572 -0.98786
   0.18229  0.08480 -0.99419
   0.17547  0.08383 -1.00039
   0.16875  0.08281 -1.00609
   0.16212  0.08175 -1.01141
   0.15559  0.08064 -1.01685
   0.14919  0.07950 -1.02155
   0.14291  0.07831 -1.02598
   0.13676  0.07709 -1.02966
   0.13076  0.07584 -1.03305
   0.12491  0.07456 -1.03580
   0.11921  0.07325 -1.03795
   0.11367  0.07192 -1.03979
   0.10831  0.07057 -1.04114
   0.10312  0.06920 -1.04163
   0.09810  0.06782 -1.04210
   0.09328  0.06644 -1.04162
   0.08863  0.06505 -1.04158
   0.08418  0.06367 -1.04066
   0.07991  0.06229 -1.03931
   0.07582  0.06091 -1.03747
   0.07191  0.05954 -1.03422
   0.06818  0.05819 -1.03121
   0.06462  0.05685 -1.02664
   0.06122  0.05552 -1.02220
   0.05798  0.05421 -1.01703
   0.05489  0.05291 -1.01086
   0.05194  0.05163 -1.00418
   0.04913  0.05036 -0.99616
   0.04645  0.04911 -0.98820
   0.04389  0.04787 -0.97859
   0.04146  0.04666 -0.96907
   0.03913  0.04546 -0.95920
   0.03691  0.04427 -0.94871
   0.03479  0.04310 -0.93721
   0.03277  0.04195 -0.92474
   0.03083  0.04081 -0.91038
   0.02899  0.03968 -0.89579
   0.02722  0.03856 -0.87889
   0.02554  0.03745 -0.86104
   0.02392  0.03636 -0.84263
   0.02238  0.03527 -0.82202
   0.02090  0.03420 -0.80244
   0.01949  0.03313 -0.77991
   0.01814  0.03207 -0.75672
   0.01685  0.03102 -0.73171
   0.01562  0.02998 -0.70304
   0.01444  0.02894 -0.67228
   0.01332  0.02791 -0.63916
   0.01224  0.02688 -0.60409
   0.01122  0.02585 -0.56746
   0.01025  0.02483 -0.52703
   0.00932  0.02381 -0.48611
   0.00844  0.02279 -0.44087
   0.00760  0.02178 -0.39840
   0.00681  0.02077 -0.35165
   0.00606  0.01976 -0.30124
   0.00536  0.01875 -0.24802
   0.00470  0.01775 -0.19185
   0.00408  0.01674 -0.13178
   0.00351  0.01574 -0.07017
   0.00299  0.01475 -0.00595
   0.00250  0.01375  0.06062
   0.00206  0.01275  0.13175
   0.00167  0.01176  0.20445
   0.00131  0.01077  0.27591
   0.00100  0.00978  0.34655
   0.00072  0.00879  0.41617
   0.00049  0.00781  0.48565
   0.00030  0.00683  0.55082
   0.00014  0.00586  0.61450
   0.00002  0.00489  0.67263
  -0.00006  0.00393  0.72769
  -0.00011  0.00298  0.78095
  -0.00011  0.00202  0.82630
  -0.00008  0.00107  0.87001
  -0.00001  0.00013  0.91046
   0.00010 -0.00082  0.94319
   0.00025 -0.00176  0.97012
   0.00043 -0.00270  0.99196
   0.00066 -0.00365  1.00795
   0.00093 -0.00459  1.01865
   0.00124 -0.00554  1.02327
   0.00159 -0.00650  1.02246
   0.00198 -0.00745  1.01610
   0.00242 -0.00840  1.00489
   0.00290 -0.00936  0.98875
   0.00343 -0.01032  0.96782
   0.00400 -0.01127  0.94342
   0.00462 -0.01222  0.91513
   0.00529 -0.01316  0.88454
   0.00601 -0.01410  0.85084
   0.00677 -0.01503  0.81534
   0.00759 -0.01596  0.78075
   0.00845 -0.01687  0.74371
   0.00936 -0.01778  0.70536
   0.01032 -0.01868  0.66929
   0.01132 -0.01957  0.63329
   0.01237 -0.02046  0.59642
   0.01347 -0.02134  0.56123
   0.01461 -0.02221  0.52677
   0.01580 -0.02307  0.49148
   0.01705 -0.02393  0.45785
   0.01834 -0.02478  0.42519
   0.01969 -0.02562  0.39352
   0.02110 -0.02646  0.36282
   0.02257 -0.02730  0.33398
   0.02411 -0.02813  0.30685
   0.02571 -0.02896  0.28009
   0.02738 -0.02979  0.25515
   0.02912 -0.03062  0.23003
   0.03094 -0.03145  0.20580
   0.03283 -0.03228  0.18318
   0.03481 -0.03310  0.16026
   0.03688 -0.03393  0.13879
   0.03904 -0.03475  0.11914
   0.04130 -0.03558  0.09978
   0.04366 -0.03640  0.08169
   0.04613 -0.03722  0.06408
   0.04871 -0.03804  0.04852
   0.05141 -0.03886  0.03193
   0.05425 -0.03968  0.01713
   0.05721 -0.04050  0.00242
   0.06032 -0.04132 -0.01099
   0.06359 -0.04213 -0.02418
   0.06702 -0.04294 -0.03564
   0.07061 -0.04375 -0.04719
   0.07439 -0.04456 -0.05747
   0.07834 -0.04535 -0.06749
   0.08249 -0.04614 -0.07695
   0.08684 -0.04692 -0.08542
   0.09139 -0.04769 -0.09308
   0.09615 -0.04844 -0.10068
   0.10111 -0.04917 -0.10665
   0.10629 -0.04988 -0.11235
   0.11167 -0.05057 -0.11753
   0.11727 -0.05124 -0.12171
   0.12307 -0.05187 -0.12536
   0.12907 -0.05247 -0.12841
   0.13526 -0.05305 -0.13074
   0.14164 -0.05358 -0.13257
   0.14819 -0.05408 -0.13398
   0.15490 -0.05455 -0.13496
   0.16177 -0.05497 -0.13515
   0.16878 -0.05536 -0.13510
   0.17592 -0.05570 -0.13457
   0.18318 -0.05600 -0.13374
   0.19056 -0.05627 -0.13253
   0.19804 -0.05649 -0.13090
   0.20562 -0.05668 -0.12911
   0.21329 -0.05683 -0.12694
   0.22104 -0.05694 -0.12457
   0.22886 -0.05701 -0.12213
   0.23676 -0.05705 -0.11949
   0.24471 -0.05706 -0.11645
   0.25273 -0.05703 -0.11346
   0.26080 -0.05697 -0.11025
   0.26892 -0.05688 -0.10703
   0.27710 -0.05676 -0.10373
   0.28531 -0.05662 -0.10040
   0.29357 -0.05645 -0.09681
   0.30188 -0.05625 -0.09344
   0.31022 -0.05603 -0.08978
   0.31860 -0.05578 -0.08642
   0.32701 -0.05552 -0.08278
   0.33546 -0.05523 -0.07932
   0.34394 -0.05493 -0.07593
   0.35244 -0.05460 -0.07263
   0.36097 -0.05427 -0.06934
   0.36951 -0.05391 -0.06626
   0.37807 -0.05354 -0.06317
   0.38664 -0.05316 -0.06013
   0.39521 -0.05276 -0.05728
   0.40378 -0.05235 -0.05439
   0.41235 -0.05193 -0.05159
   0.42091 -0.05149 -0.04884
   0.42947 -0.05103 -0.04599
   0.43803 -0.05056 -0.04321
   0.44658 -0.05008 -0.04021
   0.45514 -0.04957 -0.03717
   0.46370 -0.04905 -0.03401
   0.47228 -0.04851 -0.03074
   0.48088 -0.04796 -0.02742
   0.48949 -0.04739 -0.02401
   0.49811 -0.04681 -0.02056
   0.50676 -0.04621 -0.01704
   0.51541 -0.04561 -0.01351
   0.52408 -0.04499 -0.00994
   0.53275 -0.04436 -0.00636
   0.54144 -0.04371 -0.00273
   0.55013 -0.04306  0.00092
   0.55882 -0.04240  0.00460
   0.56753 -0.04173  0.00828
   0.57624 -0.04105  0.01197
   0.58496 -0.04036  0.01570
   0.59370 -0.03966  0.01940
   0.60244 -0.03895  0.02313
   0.61119 -0.03823  0.02683
   0.61995 -0.03751  0.03052
   0.62872 -0.03678  0.03422
   0.63750 -0.03604  0.03785
   0.64628 -0.03530  0.04147
   0.65508 -0.03455  0.04504
   0.66387 -0.03379  0.04856
   0.67266 -0.03304  0.05204
   0.68145 -0.03227  0.05544
   0.69025 -0.03150  0.05878
   0.69904 -0.03073  0.06206
   0.70783 -0.02995  0.06526
   0.71663 -0.02916  0.06838
   0.72543 -0.02837  0.07140
   0.73424 -0.02757  0.07433
   0.74305 -0.02677  0.07715
   0.75187 -0.02597  0.07988
   0.76069 -0.02516  0.08251
   0.76950 -0.02435  0.08505
   0.77831 -0.02353  0.08749
   0.78711 -0.02272  0.08985
   0.79591 -0.02189  0.09214
   0.80470 -0.02107  0.09433
   0.81349 -0.02024  0.09641
   0.82227 -0.01940  0.09839
   0.83103 -0.01857  0.10027
   0.83979 -0.01773  0.10205
   0.84853 -0.01689  0.10372
   0.85725 -0.01605  0.10529
   0.86593 -0.01520  0.10677
   0.87458 -0.01436  0.10815
   0.88318 -0.01352  0.10944
   0.89171 -0.01268  0.11064
   0.90015 -0.01185  0.11175
   0.90851 -0.01101  0.11278
   0.91675 -0.01019  0.11373
   0.92485 -0.00937  0.11461
   0.93278 -0.00857  0.11541
   0.94052 -0.00778  0.11614
   0.94802 -0.00701  0.11681
   0.95526 -0.00626  0.11742
   0.96222 -0.00554  0.11797
   0.96885 -0.00485  0.11847
   0.97516 -0.00419  0.11892
   0.98111 -0.00357  0.11933
   0.98671 -0.00298  0.11970
   0.99197 -0.00242  0.12004
   0.99689 -0.00189  0.12035
   1.00000 -0.00157  0.12061
