#    s        x        y     Ue/Vinf    Dstar     Theta      Cf       H
   0.00000  1.00000  0.00157  0.93793  0.014987  0.008251  0.002178     1.816
   0.00312  0.99698  0.00234  0.94078  0.014761  0.008154  0.002221     1.810
   0.00803  0.99220  0.00350  0.94569  0.014377  0.007991  0.002298     1.799
   0.01326  0.98711  0.00471  0.95059  0.014017  0.007833  0.002372     1.790
   0.01881  0.98172  0.00600  0.95599  0.013634  0.007663  0.002454     1.779
   0.02467  0.97602  0.00736  0.96165  0.013252  0.007490  0.002540     1.769
   0.03083  0.97002  0.00878  0.96739  0.012887  0.007319  0.002623     1.761
   0.03730  0.96372  0.01024  0.97327  0.012534  0.007149  0.002706     1.753
   0.04406  0.95714  0.01176  0.97927  0.012193  0.006980  0.002786     1.747
   0.05108  0.95029  0.01333  0.98533  0.011869  0.006814  0.002864     1.742
   0.05835  0.94320  0.01494  0.99144  0.011561  0.006652  0.002936     1.738
   0.06582  0.93591  0.01657  0.99748  0.011276  0.006495  0.003001     1.736
   0.07347  0.92845  0.01823  1.00358  0.011004  0.006340  0.003061     1.736
   0.08126  0.92083  0.01991  1.00964  0.010751  0.006191  0.003114     1.737
   0.08918  0.91310  0.02159  1.01553  0.010525  0.006049  0.003154     1.740
   0.09720  0.90526  0.02328  1.02133  0.010319  0.005913  0.003183     1.745
   0.10531  0.89733  0.02496  1.02694  0.010137  0.005783  0.003198     1.753
   0.11349  0.88932  0.02664  1.03241  0.009979  0.005660  0.003198     1.763
   0.12173  0.88125  0.02832  1.03772  0.009843  0.005542  0.003182     1.776
   0.13003  0.87312  0.02998  1.04291  0.009730  0.005429  0.003150     1.792
   0.13837  0.86495  0.03164  1.04804  0.009635  0.005319  0.003101     1.812
   0.14673  0.85675  0.03329  1.05305  0.009566  0.005214  0.003033     1.835
   0.15512  0.84852  0.03492  1.05804  0.009517  0.005111  0.002946     1.862
   0.16352  0.84028  0.03653  1.06290  0.009498  0.005013  0.002835     1.895
   0.17193  0.83203  0.03813  1.06782  0.009502  0.004915  0.002703     1.933
   0.18035  0.82375  0.03971  1.07279  0.009534  0.004818  0.002549     1.979
   0.18878  0.81547  0.04127  1.07794  0.009594  0.004720  0.002372     2.033
   0.19722  0.80717  0.04282  1.08329  0.009688  0.004620  0.002172     2.097
   0.20567  0.79886  0.04434  1.08905  0.009810  0.004515  0.002007     2.173
   0.21412  0.79054  0.04585  1.09528  0.009967  0.004404  0.001839     2.263
   0.22258  0.78222  0.04734  1.10221  0.010155  0.004282  0.001648     2.371
   0.23104  0.77388  0.04882  1.11001  0.010376  0.004148  0.001432     2.501
   0.23950  0.76555  0.05027  1.11893  0.010629  0.003998  0.001192     2.659
   0.24796  0.75722  0.05170  1.12918  0.010912  0.003829  0.000931     2.850
   0.25641  0.74888  0.05312  1.14099  0.011220  0.003638  0.000656     3.084
   0.26487  0.74054  0.05451  1.15439  0.011547  0.003426  0.000378     3.371
   0.27333  0.73220  0.05589  1.16961  0.011882  0.003190  0.000114     3.725
   0.28178  0.72385  0.05725  1.18722  0.012215  0.002924 -0.000118     4.177
   0.29024  0.71550  0.05858  1.20809  0.012518  0.002618 -0.000244     4.781
   0.29869  0.70715  0.05990  1.22880  0.012792  0.002325 -0.000300     5.501
   0.30714  0.69880  0.06120  1.24923  0.013008  0.002046 -0.000325     6.359
   0.31559  0.69044  0.06247  1.26492  0.013171  0.001838 -0.000441     7.165
   0.32404  0.68209  0.06373  1.26603  0.013334  0.001825 -0.000442     7.307
   0.33248  0.67374  0.06497  1.26708  0.013419  0.001812 -0.000443     7.406
   0.34092  0.66539  0.06618  1.26809  0.013445  0.001800 -0.000446     7.469
   0.34936  0.65704  0.06738  1.26906  0.013425  0.001788 -0.000448     7.507
   0.35779  0.64869  0.06855  1.27002  0.013364  0.001777 -0.000451     7.521
   0.36621  0.64035  0.06970  1.27095  0.013267  0.001766 -0.000454     7.513
   0.37463  0.63201  0.07083  1.27189  0.013143  0.001755 -0.000458     7.489
   0.38304  0.62367  0.07194  1.27282  0.012991  0.001744 -0.000462     7.448
   0.39144  0.61533  0.07302  1.27375  0.012818  0.001734 -0.000466     7.393
   0.39984  0.60700  0.07409  1.27469  0.012623  0.001723 -0.000470     7.325
   0.40824  0.59867  0.07513  1.27565  0.012411  0.001713 -0.000475     7.246
   0.41663  0.59034  0.07615  1.27662  0.012181  0.001702 -0.000480     7.156
   0.42501  0.58202  0.07714  1.27761  0.011939  0.001692 -0.000486     7.058
   0.43339  0.57370  0.07812  1.27863  0.011685  0.001681 -0.000492     6.951
   0.44176  0.56538  0.07906  1.27969  0.011419  0.001670 -0.000498     6.837
   0.45013  0.55707  0.07999  1.28078  0.011142  0.001659 -0.000505     6.715
   0.45848  0.54876  0.08089  1.28191  0.010858  0.001648 -0.000513     6.587
   0.46682  0.54047  0.08177  1.28309  0.010569  0.001637 -0.000521     6.456
   0.47515  0.53218  0.08262  1.28433  0.010271  0.001625 -0.000529     6.319
   0.48347  0.52390  0.08344  1.28562  0.009971  0.001614 -0.000538     6.180
   0.49177  0.51564  0.08424  1.28699  0.009669  0.001601 -0.000548     6.038
   0.50006  0.50739  0.08502  1.28843  0.009365  0.001589 -0.000558     5.894
   0.50834  0.49914  0.08576  1.28995  0.009061  0.001576 -0.000567     5.750
   0.51661  0.49090  0.08648  1.29157  0.008757  0.001563 -0.000573     5.604
   0.52487  0.48267  0.08717  1.29329  0.008454  0.001549 -0.000579     5.458
   0.53313  0.47444  0.08784  1.29512  0.008154  0.001534 -0.000582     5.314
   0.54137  0.46622  0.08847  1.29707  0.007854  0.001520 -0.000582     5.168
   0.54960  0.45801  0.08908  1.29914  0.007559  0.001504 -0.000575     5.025
   0.55781  0.44982  0.08966  1.30135  0.007265  0.001488 -0.000561     4.881
   0.56600  0.44165  0.09021  1.30370  0.006975  0.001472 -0.000535     4.738
   0.57416  0.43351  0.09074  1.30620  0.006691  0.001455 -0.000495     4.598
   0.58229  0.42539  0.09123  1.30885  0.006411  0.001438 -0.000438     4.460
   0.59039  0.41731  0.09168  1.31163  0.006140  0.001420 -0.000363     4.325
   0.59845  0.40926  0.09210  1.31454  0.005880  0.001401 -0.000268     4.196
   0.60647  0.40125  0.09249  1.31760  0.005630  0.001383 -0.000150     4.072
   0.61445  0.39327  0.09283  1.32081  0.005392  0.001363 -0.000012     3.955
   0.62241  0.38532  0.09314  1.32418  0.005165  0.001343  0.000147     3.845
   0.63034  0.37740  0.09341  1.32772  0.004953  0.001323  0.000320     3.745
   0.63823  0.36951  0.09364  1.33141  0.004751  0.001302  0.000514     3.651
   0.64611  0.36164  0.09382  1.33523  0.004563  0.001280  0.000720     3.565
   0.65395  0.35379  0.09397  1.33915  0.004386  0.001258  0.000937     3.487
   0.66177  0.34597  0.09407  1.34317  0.004222  0.001236  0.001163     3.415
   0.66957  0.33817  0.09414  1.34725  0.004066  0.001214  0.001401     3.350
   0.67734  0.33040  0.09415  1.35134  0.003924  0.001192  0.001633     3.293
   0.68509  0.32265  0.09413  1.35547  0.003788  0.001169  0.001877     3.239
   0.69281  0.31493  0.09406  1.35957  0.003662  0.001147  0.002121     3.192
   0.70051  0.30724  0.09395  1.36365  0.003544  0.001126  0.002365     3.149
   0.70818  0.29957  0.09379  1.36767  0.003433  0.001104  0.002608     3.110
   0.71582  0.29193  0.09358  1.37165  0.003328  0.001082  0.002855     3.074
   0.72343  0.28432  0.09333  1.37557  0.003228  0.001061  0.003103     3.041
   0.73102  0.27674  0.09303  1.37937  0.003135  0.001041  0.003341     3.013
   0.73858  0.26919  0.09269  1.38313  0.003045  0.001020  0.003588     2.986
   0.74610  0.26168  0.09230  1.38679  0.002960  0.000999  0.003833     2.961
   0.75359  0.25420  0.09186  1.39038  0.002876  0.000979  0.004087     2.937
   0.76104  0.24677  0.09137  1.39381  0.002800  0.000959  0.004324     2.918
   0.76845  0.23938  0.09083  1.39722  0.002722  0.000940  0.004584     2.897
   0.77581  0.23203  0.09025  1.40050  0.002648  0.000920  0.004841     2.878
   0.78313  0.22474  0.08962  1.40366  0.002578  0.000901  0.005099     2.861
   0.79040  0.21751  0.08894  1.40673  0.002508  0.000882  0.005368     2.844
   0.79761  0.21033  0.08821  1.40961  0.002442  0.000863  0.005623     2.830
   0.80477  0.20322  0.08743  1.41243  0.002377  0.000844  0.005895     2.816
   0.81187  0.19617  0.08660  1.41507  0.002315  0.000826  0.006160     2.804
   0.81890  0.18919  0.08572  1.41768  0.002252  0.000807  0.006454     2.790
   0.82586  0.18229  0.08480  1.42001  0.002194  0.000789  0.006716     2.780
   0.83275  0.17547  0.08383  1.42229  0.002136  0.000771  0.007002     2.769
   0.83955  0.16875  0.08281  1.42438  0.002080  0.000754  0.007280     2.760
   0.84627  0.16212  0.08175  1.42633  0.002026  0.000736  0.007555     2.753
   0.85288  0.15559  0.08064  1.42832  0.001969  0.000718  0.007892     2.741
   0.85939  0.14919  0.07950  1.43005  0.001915  0.000701  0.008210     2.732
   0.86578  0.14291  0.07831  1.43167  0.001861  0.000684  0.008558     2.722
   0.87204  0.13676  0.07709  1.43301  0.001810  0.000667  0.008885     2.715
   0.87818  0.13076  0.07584  1.43425  0.001759  0.000650  0.009243     2.706
   0.88417  0.12491  0.07456  1.43525  0.001710  0.000634  0.009595     2.699
   0.89001  0.11921  0.07325  1.43603  0.001663  0.000618  0.009941     2.693
   0.89571  0.11367  0.07192  1.43670  0.001616  0.000602  0.010315     2.686
   0.90124  0.10831  0.07057  1.43719  0.001570  0.000586  0.010703     2.679
   0.90661  0.10312  0.06920  1.43737  0.001527  0.000571  0.011049     2.675
   0.91181  0.09810  0.06782  1.43755  0.001483  0.000556  0.011455     2.669
   0.91683  0.09328  0.06644  1.43737  0.001443  0.000541  0.011799     2.667
   0.92168  0.08863  0.06505  1.43735  0.001400  0.000526  0.012269     2.659
   0.92634  0.08418  0.06367  1.43702  0.001359  0.000512  0.012719     2.653
   0.93083  0.07991  0.06229  1.43653  0.001318  0.000498  0.013207     2.646
   0.93514  0.07582  0.06091  1.43586  0.001278  0.000484  0.013744     2.637
   0.93928  0.07191  0.05954  1.43467  0.001242  0.000471  0.014182     2.634
   0.94325  0.06818  0.05819  1.43357  0.001203  0.000458  0.014758     2.625
   0.94706  0.06462  0.05685  1.43191  0.001170  0.000446  0.015210     2.622
   0.95071  0.06122  0.05552  1.43028  0.001134  0.000434  0.015778     2.615
   0.95421  0.05798  0.05421  1.42839  0.001100  0.000422  0.016372     2.607
   0.95756  0.05489  0.05291  1.42613  0.001068  0.000410  0.016940     2.601
   0.96077  0.05194  0.05163  1.42368  0.001036  0.000399  0.017565     2.594
   0.96386  0.04913  0.05036  1.42074  0.001007  0.000389  0.018089     2.591
   0.96681  0.04645  0.04911  1.41781  0.000976  0.000378  0.018753     2.583
   0.96965  0.04389  0.04787  1.41426  0.000950  0.000368  0.019241     2.581
   0.97237  0.04146  0.04666  1.41074  0.000923  0.000358  0.019832     2.577
   0.97499  0.03913  0.04546  1.40709  0.000895  0.000348  0.020502     2.571
   0.97751  0.03691  0.04427  1.40320  0.000868  0.000338  0.021247     2.564
   0.97993  0.03479  0.04310  1.39892  0.000841  0.000329  0.022023     2.556
   0.98226  0.03277  0.04195  1.39427  0.000814  0.000320  0.022874     2.546
   0.98451  0.03083  0.04081  1.38889  0.000790  0.000311  0.023578     2.541
   0.98667  0.02899  0.03968  1.38342  0.000764  0.000302  0.024514     2.531
   0.98876  0.02722  0.03856  1.37705  0.000742  0.000294  0.025238     2.525
   0.99078  0.02554  0.03745  1.37030  0.000720  0.000286  0.025962     2.521
   0.99272  0.02392  0.03636  1.36331  0.000698  0.000278  0.026831     2.513
   0.99461  0.02238  0.03527  1.35544  0.000679  0.000270  0.027381     2.513
   0.99644  0.02090  0.03420  1.34793  0.000656  0.000262  0.028502     2.501
   0.99821  0.01949  0.03313  1.33925  0.000636  0.000255  0.029320     2.496
   0.99992  0.01814  0.03207  1.33027  0.000614  0.000247  0.030421     2.485
   1.00159  0.01685  0.03102  1.32051  0.000592  0.000240  0.031739     2.471
   1.00320  0.01562  0.02998  1.30926  0.000573  0.000233  0.032752     2.462
   1.00477  0.01444  0.02894  1.29709  0.000554  0.000226  0.033774     2.452
   1.00630  0.01332  0.02791  1.28388  0.000537  0.000220  0.034698     2.444
   1.00779  0.01224  0.02688  1.26976  0.000520  0.000213  0.035597     2.437
   1.00923  0.01122  0.02585  1.25487  0.000503  0.000207  0.036783     2.425
   1.01065  0.01025  0.02483  1.23826  0.000488  0.000202  0.037382     2.422
   1.01202  0.00932  0.02381  1.22124  0.000472  0.000196  0.038513     2.410
   1.01337  0.00844  0.02279  1.20218  0.000461  0.000191  0.038378     2.418
   1.01468  0.00760  0.02178  1.18405  0.000444  0.000185  0.039739     2.403
   1.01597  0.00681  0.02077  1.16380  0.000428  0.000179  0.040869     2.392
   1.01723  0.00606  0.01976  1.14161  0.000413  0.000173  0.041742     2.382
   1.01846  0.00536  0.01875  1.11777  0.000399  0.000168  0.042588     2.372
   1.01966  0.00470  0.01775  1.09210  0.000385  0.000163  0.043543     2.359
   1.02083  0.00408  0.01674  1.06404  0.000373  0.000159  0.043845     2.352
   1.02198  0.00351  0.01574  1.03454  0.000361  0.000154  0.044313     2.342
   1.02311  0.00299  0.01475  1.00297  0.000350  0.000150  0.044569     2.333
   1.02422  0.00250  0.01375  0.96926  0.000338  0.000146  0.045263     2.314
   1.02531  0.00206  0.01275  0.93201  0.000329  0.000143  0.045104     2.301
   1.02638  0.00167  0.01176  0.89247  0.000322  0.000140  0.044055     2.297
   1.02743  0.00131  0.01077  0.85194  0.000315  0.000138  0.043078     2.290
   1.02847  0.00100  0.00978  0.81003  0.000309  0.000135  0.041808     2.285
   1.02949  0.00072  0.00879  0.76663  0.000302  0.000133  0.041064     2.268
   1.03050  0.00049  0.00781  0.72087  0.000299  0.000132  0.038625     2.272
   1.03150  0.00030  0.00683  0.67529  0.000293  0.000130  0.037377     2.256
   1.03248  0.00014  0.00586  0.62769  0.000291  0.000129  0.034767     2.259
   1.03346  0.00002  0.00489  0.58099  0.000288  0.000127  0.032198     2.265
   1.03442 -0.00006  0.00393  0.53313  0.000280  0.000125  0.031257     2.234
   1.03538 -0.00011  0.00298  0.48247  0.000283  0.000126  0.027213     2.258
   1.03633 -0.00011  0.00202  0.43481  0.000277  0.000123  0.025192     2.252
   1.03728 -0.00008  0.00107  0.38343  0.000270  0.000121  0.023259     2.225
   1.03823 -0.00001  0.00013  0.32893  0.000274  0.000123  0.019635     2.225
   1.03918  0.00010 -0.00082  0.27718  0.000278  0.000124  0.016036     2.242
   1.04014  0.00025 -0.00176  0.22596  0.000274  0.000123  0.013519     2.221
   1.04110  0.00043 -0.00270  0.17372  0.000279  0.000124  0.010034     2.239
   1.04207  0.00066 -0.00365  0.12209  0.000273  0.000123  0.007256     2.228
   1.04305  0.00093 -0.00459  0.06855  0.000278  0.000125  0.004013     2.225
   1.04405  0.00124 -0.00554  0.01714  0.000289  0.000130  0.000961     2.230
   1.04507  0.00159 -0.00650 -0.03254  0.000289  0.000130  0.001827     2.230
   1.04610  0.00198 -0.00745 -0.08444  0.000283  0.000127  0.004849     2.226
   1.04715  0.00242 -0.00840 -0.13351  0.000300  0.000133  0.007089     2.251
   1.04822  0.00290 -0.00936 -0.18233  0.000297  0.000134  0.010044     2.220
   1.04931  0.00343 -0.01032 -0.23077  0.000306  0.000136  0.012077     2.248
   1.05042  0.00400 -0.01127 -0.27678  0.000312  0.000139  0.014250     2.243
   1.05156  0.00462 -0.01222 -0.32205  0.000319  0.000142  0.016243     2.245
   1.05271  0.00529 -0.01316 -0.36478  0.000329  0.000146  0.017622     2.258
   1.05389  0.00601 -0.01410 -0.40675  0.000335  0.000149  0.019496     2.251
   1.05510  0.00677 -0.01503 -0.44678  0.000346  0.000153  0.020509     2.265
   1.05633  0.00759 -0.01596 -0.48267  0.000362  0.000158  0.020849     2.283
   1.05759  0.00845 -0.01687 -0.51840  0.000368  0.000162  0.022378     2.268
   1.05888  0.00936 -0.01778 -0.55302  0.000379  0.000166  0.023031     2.277
   1.06019  0.01032 -0.01868 -0.58377  0.000397  0.000173  0.022781     2.299
   1.06153  0.01132 -0.01957 -0.61297  0.000409  0.000178  0.023282     2.297
   1.06291  0.01237 -0.02046 -0.64155  0.000420  0.000183  0.023798     2.296
   1.06431  0.01347 -0.02134 -0.66772  0.000437  0.000189  0.023534     2.311
   1.06575  0.01461 -0.02221 -0.69244  0.000452  0.000195  0.023584     2.315
   1.06722  0.01580 -0.02307 -0.71690  0.000463  0.000200  0.023948     2.311
   1.06873  0.01705 -0.02393 -0.73951  0.000480  0.000206  0.023595     2.324
   1.07028  0.01834 -0.02478 -0.76084  0.000495  0.000213  0.023396     2.331
   1.07187  0.01969 -0.02562 -0.78100  0.000512  0.000219  0.023135     2.337
   1.07351  0.02110 -0.02646 -0.80009  0.000529  0.000226  0.022837     2.344
   1.07520  0.02257 -0.02730 -0.81764  0.000549  0.000233  0.022284     2.355
   1.07695  0.02411 -0.02813 -0.83383  0.000570  0.000241  0.021711     2.365
   1.07875  0.02571 -0.02896 -0.84952  0.000588  0.000248  0.021414     2.368
   1.08062  0.02738 -0.02979 -0.86389  0.000610  0.000257  0.020802     2.378
   1.08255  0.02912 -0.03062 -0.87816  0.000628  0.000264  0.020571     2.378
   1.08454  0.03094 -0.03145 -0.89171  0.000649  0.000272  0.020165     2.383
   1.08661  0.03283 -0.03228 -0.90420  0.000672  0.000281  0.019572     2.393
   1.08876  0.03481 -0.03310 -0.91669  0.000691  0.000289  0.019318     2.393
   1.09099  0.03688 -0.03393 -0.92825  0.000715  0.000298  0.018785     2.401
   1.09330  0.03904 -0.03475 -0.93871  0.000742  0.000308  0.018114     2.413
   1.09570  0.04130 -0.03558 -0.94891  0.000766  0.000317  0.017687     2.417
   1.09820  0.04366 -0.03640 -0.95836  0.000793  0.000327  0.017141     2.425
   1.10080  0.04613 -0.03722 -0.96748  0.000819  0.000337  0.016699     2.430
   1.10351  0.04871 -0.03804 -0.97546  0.000850  0.000348  0.016015     2.443
   1.10634  0.05141 -0.03886 -0.98391  0.000874  0.000358  0.015775     2.440
   1.10929  0.05425 -0.03968 -0.99140  0.000905  0.000370  0.015212     2.450
   1.11236  0.05721 -0.04050 -0.99879  0.000934  0.000381  0.014817     2.453
   1.11558  0.06032 -0.04132 -1.00548  0.000967  0.000393  0.014293     2.462
   1.11895  0.06359 -0.04213 -1.01202  0.000998  0.000405  0.013888     2.466
   1.12247  0.06702 -0.04294 -1.01768  0.001036  0.000418  0.013307     2.478
   1.12615  0.07061 -0.04375 -1.02335  0.001069  0.000431  0.012925     2.482
   1.13001  0.07439 -0.04456 -1.02837  0.001108  0.000445  0.012432     2.491
   1.13405  0.07834 -0.04535 -1.03324  0.001145  0.000459  0.012037     2.495
   1.13827  0.08249 -0.04614 -1.03782  0.001183  0.000473  0.011645     2.500
   1.14269  0.08684 -0.04692 -1.04192  0.001224  0.000488  0.011206     2.508
   1.14731  0.09139 -0.04769 -1.04560  0.001268  0.000504  0.010774     2.517
   1.15212  0.09615 -0.04844 -1.04924  0.001309  0.000519  0.010443     2.520
   1.15714  0.10111 -0.04917 -1.05210  0.001358  0.000536  0.009971     2.532
   1.16236  0.10629 -0.04988 -1.05481  0.001404  0.000553  0.009603     2.539
   1.16779  0.11167 -0.05057 -1.05728  0.001451  0.000570  0.009256     2.545
   1.17343  0.11727 -0.05124 -1.05927  0.001503  0.000588  0.008870     2.554
   1.17926  0.12307 -0.05187 -1.06100  0.001555  0.000607  0.008521     2.562
   1.18529  0.12907 -0.05247 -1.06244  0.001607  0.000626  0.008188     2.569
   1.19151  0.13526 -0.05305 -1.06354  0.001662  0.000645  0.007851     2.578
   1.19791  0.14164 -0.05358 -1.06441  0.001718  0.000664  0.007539     2.586
   1.20448  0.14819 -0.05408 -1.06507  0.001774  0.000684  0.007252     2.593
   1.21121  0.15490 -0.05455 -1.06554  0.001830  0.000704  0.006979     2.600
   1.21809  0.16177 -0.05497 -1.06563  0.001891  0.000724  0.006680     2.610
   1.22511  0.16878 -0.05536 -1.06560  0.001950  0.000745  0.006424     2.618
   1.23226  0.17592 -0.05570 -1.06535  0.002011  0.000766  0.006168     2.627
   1.23953  0.18318 -0.05600 -1.06496  0.002072  0.000786  0.005932     2.635
   1.24691  0.19056 -0.05627 -1.06439  0.002134  0.000807  0.005702     2.643
   1.25440  0.19804 -0.05649 -1.06362  0.002198  0.000829  0.005472     2.653
   1.26198  0.20562 -0.05668 -1.06277  0.002261  0.000850  0.005267     2.660
   1.26965  0.21329 -0.05683 -1.06175  0.002326  0.000871  0.005059     2.670
   1.27740  0.22104 -0.05694 -1.06062  0.002391  0.000893  0.004864     2.679
   1.28522  0.22886 -0.05701 -1.05947  0.002455  0.000914  0.004692     2.686
   1.29311  0.23676 -0.05705 -1.05821  0.002520  0.000935  0.004523     2.694
   1.30107  0.24471 -0.05706 -1.05677  0.002589  0.000957  0.004339     2.705
   1.30909  0.25273 -0.05703 -1.05534  0.002655  0.000978  0.004185     2.713
   1.31716  0.26080 -0.05697 -1.05381  0.002723  0.001000  0.004028     2.723
   1.32528  0.26892 -0.05688 -1.05228  0.002789  0.001021  0.003888     2.731
   1.33346  0.27710 -0.05676 -1.05070  0.002856  0.001043  0.003754     2.739
   1.34168  0.28531 -0.05662 -1.04911  0.002922  0.001064  0.003629     2.746
   1.34994  0.29357 -0.05645 -1.04739  0.002993  0.001086  0.003492     2.757
   1.35824  0.30188 -0.05625 -1.04577  0.003058  0.001107  0.003387     2.763
   1.36659  0.31022 -0.05603 -1.04401  0.003129  0.001128  0.003262     2.773
   1.37497  0.31860 -0.05578 -1.04239  0.003192  0.001149  0.003173     2.778
   1.38339  0.32701 -0.05552 -1.04064  0.003262  0.001170  0.003063     2.787
   1.39184  0.33546 -0.05523 -1.03897  0.003327  0.001191  0.002975     2.793
   1.40033  0.34394 -0.05493 -1.03733  0.003390  0.001211  0.002895     2.799
   1.40884  0.35244 -0.05460 -1.03574  0.003452  0.001232  0.002824     2.803
   1.41737  0.36097 -0.05427 -1.03414  0.003514  0.001252  0.002753     2.807
   1.42592  0.36951 -0.05391 -1.03265  0.003571  0.001271  0.002698     2.809
   1.43448  0.37807 -0.05354 -1.03115  0.003630  0.001291  0.002640     2.812
   1.44306  0.38664 -0.05316 -1.02966  0.003688  0.001310  0.002584     2.815
   1.45164  0.39521 -0.05276 -1.02828  0.003742  0.001329  0.002541     2.816
   1.46022  0.40378 -0.05235 -1.02687  0.003799  0.001348  0.002491     2.818
   1.46880  0.41235 -0.05193 -1.02550  0.003854  0.001367  0.002446     2.820
   1.47738  0.42091 -0.05149 -1.02415  0.003909  0.001385  0.002402     2.822
   1.48595  0.42947 -0.05103 -1.02276  0.003968  0.001404  0.002349     2.826
   1.49452  0.43803 -0.05056 -1.02140  0.004025  0.001422  0.002300     2.830
   1.50308  0.44658 -0.05008 -1.01992  0.004092  0.001441  0.002235     2.839
   1.51165  0.45514 -0.04957 -1.01843  0.004159  0.001461  0.002169     2.847
   1.52024  0.46370 -0.04905 -1.01688  0.004231  0.001480  0.002098     2.859
   1.52883  0.47228 -0.04851 -1.01526  0.004307  0.001500  0.002022     2.872
   1.53744  0.48088 -0.04796 -1.01363  0.004385  0.001520  0.001946     2.885
   1.54607  0.48949 -0.04739 -1.01194  0.004467  0.001540  0.001868     2.900
   1.55472  0.49811 -0.04681 -1.01023  0.004551  0.001561  0.001791     2.916
   1.56338  0.50676 -0.04621 -1.00849  0.004638  0.001581  0.001712     2.933
   1.57206  0.51541 -0.04561 -1.00673  0.004725  0.001602  0.001637     2.950
   1.58075  0.52408 -0.04499 -1.00496  0.004816  0.001622  0.001562     2.968
   1.58945  0.53275 -0.04436 -1.00317  0.004907  0.001643  0.001489     2.986
   1.59815  0.54144 -0.04371 -1.00136  0.005003  0.001664  0.001416     3.006
   1.60687  0.55013 -0.04306 -0.99954  0.005101  0.001685  0.001343     3.027
   1.61559  0.55882 -0.04240 -0.99770  0.005203  0.001706  0.001269     3.049
   1.62432  0.56753 -0.04173 -0.99585  0.005306  0.001728  0.001199     3.071
   1.63306  0.57624 -0.04105 -0.99400  0.005413  0.001749  0.001128     3.095
   1.64181  0.58496 -0.04036 -0.99212  0.005526  0.001770  0.001056     3.121
   1.65057  0.59370 -0.03966 -0.99026  0.005640  0.001792  0.000987     3.147
   1.65934  0.60244 -0.03895 -0.98837  0.005761  0.001814  0.000915     3.176
   1.66812  0.61119 -0.03823 -0.98650  0.005883  0.001835  0.000847     3.206
   1.67691  0.61995 -0.03751 -0.98463  0.006012  0.001857  0.000779     3.238
   1.68571  0.62872 -0.03678 -0.98276  0.006147  0.001879  0.000710     3.272
   1.69452  0.63750 -0.03604 -0.98091  0.006283  0.001900  0.000646     3.306
   1.70334  0.64628 -0.03530 -0.97907  0.006426  0.001922  0.000580     3.344
   1.71216  0.65508 -0.03455 -0.97724  0.006574  0.001943  0.000517     3.383
   1.72099  0.66387 -0.03379 -0.97544  0.006728  0.001965  0.000455     3.424
   1.72981  0.67266 -0.03304 -0.97367  0.006888  0.001986  0.000394     3.468
   1.73864  0.68145 -0.03227 -0.97192  0.007054  0.002007  0.000335     3.515
   1.74746  0.69025 -0.03150 -0.97020  0.007227  0.002028  0.000278     3.564
   1.75629  0.69904 -0.03073 -0.96852  0.007410  0.002049  0.000221     3.617
   1.76512  0.70783 -0.02995 -0.96687  0.007603  0.002069  0.000166     3.674
   1.77395  0.71663 -0.02916 -0.96526  0.007805  0.002089  0.000112     3.736
   1.78279  0.72543 -0.02837 -0.96370  0.008016  0.002109  0.000061     3.801
   1.79163  0.73424 -0.02757 -0.96218  0.008237  0.002128  0.000013     3.870
   1.80048  0.74305 -0.02677 -0.96072  0.008467  0.002147 -0.000031     3.943
   1.80933  0.75187 -0.02597 -0.95930  0.008705  0.002166 -0.000072     4.019
   1.81819  0.76069 -0.02516 -0.95794  0.008956  0.002184 -0.000110     4.101
   1.82704  0.76950 -0.02435 -0.95662  0.009215  0.002202 -0.000143     4.185
   1.83589  0.77831 -0.02353 -0.95534  0.009485  0.002219 -0.000173     4.275
   1.84473  0.78711 -0.02272 -0.95411  0.009764  0.002236 -0.000199     4.367
   1.85356  0.79591 -0.02189 -0.95292  0.010057  0.002253 -0.000221     4.465
   1.86239  0.80470 -0.02107 -0.95177  0.010358  0.002269 -0.000238     4.565
   1.87122  0.81349 -0.02024 -0.95068  0.010674  0.002285 -0.000253     4.671
   1.88004  0.82227 -0.01940 -0.94964  0.011000  0.002300 -0.000264     4.782
   1.88885  0.83103 -0.01857 -0.94866  0.011338  0.002315 -0.000272     4.897
   1.89764  0.83979 -0.01773 -0.94773  0.011687  0.002330 -0.000277     5.017
   1.90642  0.84853 -0.01689 -0.94685  0.012047  0.002343 -0.000279     5.141
   1.91518  0.85725 -0.01605 -0.94602  0.012419  0.002357 -0.000280     5.270
   1.92391  0.86593 -0.01520 -0.94525  0.012796  0.002369 -0.000279     5.401
   1.93259  0.87458 -0.01436 -0.94452  0.013188  0.002382 -0.000278     5.537
   1.94123  0.88318 -0.01352 -0.94384  0.013584  0.002393 -0.000276     5.676
   1.94980  0.89171 -0.01268 -0.94321  0.013990  0.002404 -0.000273     5.819
   1.95829  0.90015 -0.01185 -0.94262  0.014404  0.002415 -0.000269     5.965
   1.96669  0.90851 -0.01101 -0.94207  0.014827  0.002424 -0.000265     6.116
   1.97497  0.91675 -0.01019 -0.94157  0.015252  0.002434 -0.000262     6.267
   1.98311  0.92485 -0.00937 -0.94111  0.015683  0.002442 -0.000258     6.421
   1.99108  0.93278 -0.00857 -0.94069  0.016114  0.002451 -0.000255     6.575
   1.99886  0.94052 -0.00778 -0.94030  0.016542  0.002458 -0.000252     6.729
   2.00640  0.94802 -0.00701 -0.93994  0.016963  0.002465 -0.000249     6.881
   2.01368  0.95526 -0.00626 -0.93962  0.017377  0.002472 -0.000247     7.030
   2.02067  0.96222 -0.00554 -0.93933  0.017778  0.002478 -0.000244     7.176
   2.02735  0.96885 -0.00485 -0.93907  0.018164  0.002483 -0.000242     7.315
   2.03368  0.97516 -0.00419 -0.93883  0.018532  0.002488 -0.000241     7.448
   2.03967  0.98111 -0.00357 -0.93861  0.018878  0.002493 -0.000239     7.573
   2.04530  0.98671 -0.00298 -0.93841  0.019202  0.002497 -0.000238     7.690
   2.05059  0.99197 -0.00242 -0.93823  0.019506  0.002501 -0.000236     7.799
   2.05554  0.99689 -0.00189 -0.93807  0.019782  0.002505 -0.000235     7.899
   2.05866  1.00000 -0.00157 -0.93793  0.019863  0.002508 -0.000193     7.920
   2.05866  1.00010 -0.00001  0.93793  0.037931  0.010759  0.000000     3.526
   2.06179  1.00321 -0.00023  0.93573  0.037494  0.010896  0.000000     3.441
   2.06524  1.00666 -0.00045  0.93336  0.036899  0.011044  0.000000     3.341
   2.06907  1.01049 -0.00068  0.93102  0.036206  0.011189  0.000000     3.236
   2.07331  1.01472 -0.00091  0.92863  0.035426  0.011337  0.000000     3.125
   2.07800  1.01940 -0.00116  0.92621  0.034560  0.011485  0.000000     3.009
   2.08320  1.02459 -0.00143  0.92381  0.033608  0.011632  0.000000     2.889
   2.08895  1.03034 -0.00171  0.92150  0.032570  0.011771  0.000000     2.767
   2.09533  1.03671 -0.00200  0.91936  0.031447  0.011898  0.000000     2.643
   2.10238  1.04375 -0.00232  0.91748  0.030243  0.012008  0.000000     2.518
   2.11019  1.05155 -0.00265  0.91598  0.028965  0.012095  0.000000     2.395
   2.11884  1.06020 -0.00300  0.91498  0.027625  0.012151  0.000000     2.273
   2.12841  1.06976 -0.00337  0.91459  0.026236  0.012173  0.000000     2.155
   2.13901  1.08036 -0.00375  0.91493  0.024819  0.012154  0.000000     2.042
   2.15075  1.09209 -0.00415  0.91607  0.023397  0.012095  0.000000     1.934
   2.16375  1.10508 -0.00457  0.91807  0.021994  0.011995  0.000000     1.834
   2.17814  1.11946 -0.00501  0.92091  0.020636  0.011859  0.000000     1.740
   2.19407  1.13539 -0.00546  0.92451  0.019347  0.011692  0.000000     1.655
   2.21171  1.15303 -0.00593  0.92875  0.018145  0.011504  0.000000     1.577
   2.23125  1.17255 -0.00640  0.93346  0.017043  0.011304  0.000000     1.508
   2.25288  1.19418 -0.00688  0.93845  0.016049  0.011102  0.000000     1.446
   2.27683  1.21812 -0.00736  0.94355  0.015162  0.010903  0.000000     1.391
   2.30334  1.24463 -0.00784  0.94859  0.014379  0.010713  0.000000     1.342
   2.33270  1.27399 -0.00831  0.95346  0.013691  0.010537  0.000000     1.299
   2.36521  1.30649 -0.00876  0.95810  0.013091  0.010375  0.000000     1.262
   2.40120  1.34248 -0.00918  0.96243  0.012568  0.010228  0.000000     1.229
   2.44105  1.38233 -0.00957  0.96646  0.012115  0.010095  0.000000     1.200
   2.48518  1.42646 -0.00991  0.97017  0.011723  0.009976  0.000000     1.175
   2.53403  1.47531 -0.01019  0.97357  0.011386  0.009869  0.000000     1.154
   2.58813  1.52941 -0.01038  0.97667  0.011096  0.009773  0.000000     1.135
   2.64803  1.58931 -0.01048  0.97947  0.010849  0.009688  0.000000     1.120
   2.71435  1.65562 -0.01046  0.98200  0.010637  0.009613  0.000000     1.107
   2.78778  1.72905 -0.01030  0.98427  0.010458  0.009546  0.000000     1.096
   2.86908  1.81036 -0.00997  0.98630  0.010306  0.009488  0.000000     1.086
   2.95910  1.90038 -0.00943  0.98808  0.010178  0.009436  0.000000     1.079
   3.05878  2.00005 -0.00867  0.99015  0.010055  0.009378  0.000000     1.072
