Code:	WP 300.20

G.U.N.T. Gerätebau GmbH
Hanskampring 15 -17,
22885 Barsbüttel
Germany, Tel ++4940 / 67 08 54 -0
Date: 12.02.2019	Time: 09:45:10

Name:	Aluminium
User Comment:	

Data Start
t Time Index	l Distance	F Force	EPS Strain	R	TEST Test	
h:min:s	mm	KN	%	N/mm^2		
09:21:12.7	-0.0244	0.0180	-0.0814	0.9592	1.0000
09:21:13.7	-0.0244	0.0240	-0.0814	1.2789	1.0000
09:21:14.7	-0.0244	0.1019	-0.0814	5.4355	1.0000
09:21:15.7	0.0000	0.1978	0.0000	10.5513	1.0000
09:21:16.7	0.0000	0.2818	0.0000	15.0276	1.0000
09:21:17.7	0.0000	0.3837	0.0000	20.4631	1.0000
09:21:18.7	0.0489	0.4856	0.1628	25.8986	1.0000
09:21:19.7	0.0489	0.5695	0.1628	30.3749	1.0000
09:21:20.7	0.0977	0.7014	0.3257	37.4091	1.0000
09:21:21.7	0.1099	0.7973	0.3664	42.5249	1.0000
09:21:22.7	0.1221	0.8513	0.4071	45.4025	1.0000
09:21:23.7	0.1221	0.9292	0.4071	49.5591	1.0000
09:21:24.7	0.1343	1.0311	0.4478	54.9946	1.0000
09:21:25.7	0.1466	1.1091	0.4885	59.1512	1.0000
09:21:27.7	0.1466	1.3189	0.4885	70.3420	1.0000
09:21:26.7	0.1710	1.1870	0.5699	63.3078	1.0000
09:21:28.7	0.1832	1.4208	0.6106	75.7775	1.0000
09:21:29.7	0.1954	1.5167	0.6514	80.8933	1.0000
09:21:30.7	0.2198	1.6127	0.7328	86.0090	1.0000
09:21:33.7	0.2320	1.7566	0.7735	93.6827	1.0000
09:21:31.7	0.2443	1.6846	0.8142	89.8459	1.0000
09:21:32.7	0.2565	1.7266	0.8549	92.0840	1.0000
09:21:34.7	0.2687	1.8884	0.8956	100.7169	1.0000
09:21:35.7	0.3175	1.9604	1.0585	104.5537	1.0000
09:21:36.7	0.3175	2.0203	1.0585	107.7511	1.0000
09:21:37.7	0.3420	2.0683	1.1399	110.3090	1.0000
09:21:38.7	0.3664	2.1163	1.2213	112.8669	1.0000
09:21:41.7	0.3786	2.1702	1.2620	115.7445	1.0000
09:21:39.7	0.3908	2.1402	1.3027	114.1458	1.0000
09:21:40.7	0.4030	2.1762	1.3434	116.0642	1.0000
09:21:43.7	0.4030	2.2062	1.3434	117.6629	1.0000
09:21:42.7	0.4152	2.2002	1.3841	117.3432	1.0000
09:21:44.7	0.4152	2.2302	1.3841	118.9419	1.0000
09:21:45.7	0.4397	2.2242	1.4656	118.6221	1.0000
09:21:46.7	0.4519	2.2242	1.5063	118.6221	1.0000
09:21:47.7	0.4763	2.2481	1.5877	119.9011	1.0000
09:21:48.7	0.4885	2.2841	1.6284	121.8195	1.0000
09:21:49.7	0.5129	2.2781	1.7098	121.4998	1.0000
09:21:50.7	0.5496	2.2841	1.8319	121.8195	1.0000
09:21:51.7	0.5862	2.2481	1.9541	119.9011	1.0000
09:21:52.7	0.5984	2.2721	1.9948	121.1800	1.0000
09:21:53.7	0.6106	2.2721	2.0355	121.1800	1.0000
09:21:54.7	0.6351	2.3201	2.1169	123.7379	1.0000
09:21:55.7	0.6595	2.3081	2.1983	123.0984	1.0000
09:21:56.7	0.6839	2.3081	2.2798	123.0984	1.0000
09:21:58.7	0.6839	2.3441	2.2798	125.0169	1.0000
09:21:59.7	0.6839	2.3441	2.2798	125.0169	1.0000
09:21:57.7	0.6961	2.3021	2.3205	122.7787	1.0000
09:22:00.7	0.7084	2.3561	2.3612	125.6563	1.0000
09:22:01.7	0.7206	2.3621	2.4019	125.9761	1.0000
09:22:02.7	0.7450	2.3740	2.4833	126.6155	1.0000
09:22:03.7	0.7694	2.3680	2.5647	126.2958	1.0000
09:22:04.7	0.7816	2.3800	2.6054	126.9353	1.0000
09:22:05.7	0.8061	2.3680	2.6869	126.2958	1.0000
09:22:06.7	0.8305	2.4040	2.7683	128.2142	1.0000
09:22:07.7	0.8549	2.4100	2.8497	128.5340	1.0000
09:22:08.7	0.8549	2.3860	2.8497	127.2550	1.0000
09:22:09.7	0.8793	2.4040	2.9311	128.2142	1.0000
09:22:11.7	0.8915	2.4160	2.9718	128.8537	1.0000
09:22:10.7	0.9038	2.4040	3.0125	128.2142	1.0000
09:22:12.7	0.9160	2.4160	3.0532	128.8537	1.0000
09:22:13.7	0.9282	2.4520	3.0940	130.7721	1.0000
09:22:14.7	1.0015	2.4760	3.3382	132.0511	1.0000
09:22:15.7	1.0259	2.4460	3.4196	130.4524	1.0000
09:22:16.7	1.0503	2.4700	3.5011	131.7313	1.0000
09:22:19.7	1.0625	2.4460	3.5418	130.4524	1.0000
09:22:21.7	1.0625	2.4460	3.5418	130.4524	1.0000
09:22:17.7	1.0747	2.4580	3.5825	131.0918	1.0000
09:22:18.7	1.0747	2.4879	3.5825	132.6905	1.0000
09:22:20.7	1.0747	2.4580	3.5825	131.0918	1.0000
09:22:22.7	1.0992	2.4999	3.6639	133.3300	1.0000
09:22:23.7	1.0992	2.4939	3.6639	133.0103	1.0000
09:22:24.3	1.0992	2.4939	3.6639	133.0103	1.0000
09:22:25.2	1.1236	2.4820	3.7453	132.3708	1.0000
09:22:26.2	1.1358	2.4700	3.7860	131.7313	1.0000
09:22:27.2	1.1602	2.4879	3.8674	132.6905	1.0000
09:22:28.2	1.1724	2.4879	3.9082	132.6905	1.0000
09:22:29.2	1.1847	2.4939	3.9489	133.0103	1.0000
09:22:30.2	1.2091	2.4760	4.0303	132.0511	1.0000
09:22:32.2	1.2457	2.5539	4.1524	136.2076	1.0000
09:22:31.2	1.2579	2.5299	4.1931	134.9287	1.0000
09:22:34.2	1.2579	2.4939	4.1931	133.0103	1.0000
09:22:33.2	1.2702	2.4999	4.2338	133.3300	1.0000
09:22:35.2	1.2702	2.5239	4.2338	134.6089	1.0000
09:22:36.2	1.2946	2.5359	4.3153	135.2484	1.0000
09:22:37.2	1.3068	2.5479	4.3560	135.8879	1.0000
09:22:40.2	1.3312	2.5359	4.4374	135.2484	1.0000
09:22:38.2	1.3434	2.5599	4.4781	136.5274	1.0000
09:22:39.2	1.3801	2.5599	4.6002	136.5274	1.0000
09:22:41.2	1.3801	2.5479	4.6002	135.8879	1.0000
09:22:42.2	1.4045	2.5599	4.6816	136.5274	1.0000
09:22:43.2	1.4167	2.5719	4.7224	137.1668	1.0000
09:22:44.2	1.4289	2.5659	4.7631	136.8471	1.0000
09:22:45.2	1.4533	2.5659	4.8445	136.8471	1.0000
09:22:46.2	1.4533	2.5599	4.8445	136.5274	1.0000
09:22:47.2	1.5022	2.5719	5.0073	137.1668	1.0000
09:22:48.2	1.5266	2.5779	5.0887	137.4866	1.0000
09:22:49.2	1.5388	2.6078	5.1295	139.0852	1.0000
09:22:50.2	1.5755	2.5719	5.2516	137.1668	1.0000
09:22:51.2	1.5877	2.5839	5.2923	137.8063	1.0000
09:22:56.2	1.6121	2.6078	5.3737	139.0852	1.0000
09:22:52.2	1.6243	2.6138	5.4144	139.4050	1.0000
09:22:53.2	1.6365	2.6138	5.4551	139.4050	1.0000
09:22:54.2	1.6365	2.5959	5.4551	138.4458	1.0000
09:22:55.2	1.6488	2.6258	5.4958	140.0445	1.0000
09:22:57.2	1.6610	2.6198	5.5366	139.7247	1.0000
09:22:58.2	1.6610	2.6138	5.5366	139.4050	1.0000
09:22:59.2	1.6976	2.6198	5.6587	139.7247	1.0000
09:23:00.2	1.6976	2.6318	5.6587	140.3642	1.0000
09:23:01.2	1.7220	2.6438	5.7401	141.0037	1.0000
09:23:02.2	1.7587	2.6438	5.8622	141.0037	1.0000
09:23:03.2	1.7831	2.6258	5.9437	140.0445	1.0000
09:23:04.2	1.8075	2.6618	6.0251	141.9629	1.0000
09:23:05.2	1.8319	2.6558	6.1065	141.6431	1.0000
09:23:06.2	1.8686	2.6558	6.2286	141.6431	1.0000
09:23:07.2	1.8808	2.6618	6.2693	141.9629	1.0000
09:23:08.2	1.9052	2.6498	6.3508	141.3234	1.0000
09:23:09.2	1.9174	2.6558	6.3915	141.6431	1.0000
09:23:10.2	1.9541	2.6618	6.5136	141.9629	1.0000
09:23:11.2	1.9663	2.6738	6.5543	142.6023	1.0000
09:23:12.2	1.9785	2.6978	6.5950	143.8813	1.0000
09:23:14.2	2.0151	2.7038	6.7171	144.2010	1.0000
09:23:13.2	2.0274	2.6858	6.7579	143.2418	1.0000
09:23:16.2	2.0640	2.7038	6.8800	144.2010	1.0000
09:23:15.2	2.0762	2.6798	6.9207	142.9221	1.0000
09:23:17.2	2.1373	2.7277	7.1242	145.4800	1.0000
09:23:18.2	2.1373	2.7577	7.1242	147.0787	1.0000
09:23:19.2	2.1617	2.7457	7.2057	146.4392	1.0000
09:23:20.2	2.1617	2.7158	7.2057	144.8405	1.0000
09:23:21.2	2.2106	2.7457	7.3685	146.4392	1.0000
09:23:22.2	2.2350	2.7038	7.4499	144.2010	1.0000
09:23:23.2	2.2350	2.7337	7.4499	145.7997	1.0000
09:23:24.2	2.2838	2.7637	7.6128	147.3984	1.0000
09:23:25.2	2.2838	2.7218	7.6128	145.1602	1.0000
09:23:26.2	2.2960	2.7637	7.6535	147.3984	1.0000
09:23:27.2	2.3937	2.7577	7.9792	147.0787	1.0000
09:23:28.2	2.4060	2.7577	8.0199	147.0787	1.0000
09:23:30.2	2.4182	2.7757	8.0606	148.0379	1.0000
09:23:29.2	2.4304	2.7697	8.1013	147.7181	1.0000
09:23:32.2	2.4792	2.7937	8.2641	148.9971	1.0000
09:23:31.2	2.4915	2.8237	8.3048	150.5957	1.0000
09:23:34.2	2.4915	2.7937	8.3048	148.9971	1.0000
09:23:33.2	2.5281	2.8057	8.4270	149.6365	1.0000
09:23:35.2	2.5769	2.7997	8.5898	149.3168	1.0000
09:23:36.2	2.5769	2.7937	8.5898	148.9971	1.0000
09:23:37.2	2.5892	2.7577	8.6305	147.0787	1.0000
09:23:38.2	2.6136	2.7877	8.7119	148.6773	1.0000
09:23:39.2	2.6746	2.8297	8.9155	150.9155	1.0000
09:23:40.2	2.6746	2.7997	8.9155	149.3168	1.0000
09:24:22.2	2.6991	0.7314	8.9969	39.0078	1.0000
09:24:25.2	2.6991	0.5695	8.9969	30.3749	1.0000
09:24:26.2	2.6991	0.5935	8.9969	31.6539	1.0000
09:23:41.2	2.7113	2.8357	9.0376	151.2352	1.0000
09:24:18.2	2.7113	0.9352	9.0376	49.8788	1.0000
09:24:19.2	2.7113	0.8933	9.0376	47.6407	1.0000
09:24:23.2	2.7113	0.6774	9.0376	36.1302	1.0000
09:24:24.2	2.7113	0.6115	9.0376	32.6131	1.0000
09:24:27.2	2.7113	0.7494	9.0376	39.9670	1.0000
09:24:28.2	2.7113	0.8453	9.0376	45.0828	1.0000
09:24:29.2	2.7113	0.8873	9.0376	47.3210	1.0000
09:24:32.2	2.7113	1.1271	9.0376	60.1104	1.0000
09:24:20.2	2.7235	0.8453	9.0783	45.0828	1.0000
09:24:21.2	2.7235	0.8093	9.0783	43.1644	1.0000
09:23:42.2	2.7357	2.8057	9.1190	149.6365	1.0000
09:24:16.2	2.7357	1.0611	9.1190	56.5933	1.0000
09:24:17.2	2.7357	0.9892	9.1190	52.7565	1.0000
09:24:30.2	2.7357	0.9532	9.1190	50.8381	1.0000
09:23:44.2	2.7479	2.8057	9.1597	149.6365	1.0000
09:24:31.2	2.7479	1.0431	9.1597	55.6341	1.0000
09:24:34.2	2.7479	1.3489	9.1597	71.9406	1.0000
09:23:43.2	2.7601	2.8357	9.2005	151.2352	1.0000
09:24:13.2	2.7601	1.3309	9.2005	70.9814	1.0000
09:24:14.2	2.7601	1.2650	9.2005	67.4643	1.0000
09:24:15.2	2.7601	1.1511	9.2005	61.3894	1.0000
09:24:33.2	2.7601	1.2170	9.2005	64.9064	1.0000
09:24:35.2	2.7601	1.4688	9.2005	78.3354	1.0000
09:24:36.2	2.7601	1.5827	9.2005	84.4104	1.0000
09:24:37.2	2.7601	1.7086	9.2005	91.1248	1.0000
09:23:45.2	2.7723	2.8237	9.2412	150.5957	1.0000
09:24:10.2	2.7723	1.5287	9.2412	81.5327	1.0000
09:24:12.2	2.7723	1.3849	9.2412	73.8591	1.0000
09:24:38.2	2.7723	1.8225	9.2412	97.1998	1.0000
09:24:08.2	2.7968	1.7026	9.3226	90.8051	1.0000
09:24:11.2	2.7968	1.4508	9.3226	77.3762	1.0000
09:23:46.2	2.8090	2.8237	9.3633	150.5957	1.0000
09:24:09.2	2.8090	1.6127	9.3633	86.0090	1.0000
09:23:47.2	2.8212	2.8477	9.4040	151.8747	1.0000
09:24:06.2	2.8334	1.8465	9.4447	98.4787	1.0000
09:24:07.2	2.8334	1.7685	9.4447	94.3222	1.0000
09:24:39.2	2.8334	1.9304	9.4447	102.9551	1.0000
09:23:48.2	2.8456	2.8237	9.4854	150.5957	1.0000
09:24:03.2	2.8456	2.1702	9.4854	115.7445	1.0000
09:24:05.2	2.8456	1.9484	9.4854	103.9143	1.0000
09:23:50.2	2.8578	2.8477	9.5261	151.8747	1.0000
09:24:00.2	2.8578	2.3501	9.5261	125.3366	1.0000
09:24:01.2	2.8578	2.2961	9.5261	122.4590	1.0000
09:24:02.2	2.8578	2.2422	9.5261	119.5813	1.0000
09:24:40.2	2.8578	2.0443	9.5261	109.0300	1.0000
09:24:41.2	2.8578	2.1822	9.5261	116.3840	1.0000
09:23:52.2	2.8701	2.8177	9.5668	150.2760	1.0000
09:24:04.2	2.8701	2.0443	9.5668	109.0300	1.0000
09:23:49.2	2.8823	2.8297	9.6076	150.9155	1.0000
09:23:53.2	2.8823	2.8177	9.6076	150.2760	1.0000
09:23:56.2	2.8945	2.8297	9.6483	150.9155	1.0000
09:24:42.2	2.8945	2.2841	9.6483	121.8195	1.0000
09:24:43.2	2.8945	2.4040	9.6483	128.2142	1.0000
09:23:51.2	2.9067	2.8417	9.6890	151.5550	1.0000
09:23:59.2	2.9067	2.3920	9.6890	127.5747	1.0000
09:24:45.2	2.9067	2.7158	9.6890	144.8405	1.0000
09:23:57.2	2.9189	2.6318	9.7297	140.3642	1.0000
09:23:58.2	2.9189	2.4700	9.7297	131.7313	1.0000
09:24:44.2	2.9189	2.5659	9.7297	136.8471	1.0000
09:23:54.2	2.9311	2.8357	9.7704	151.2352	1.0000
09:23:55.2	2.9311	2.8357	9.7704	151.2352	1.0000
09:24:48.2	2.9433	2.8716	9.8111	153.1536	1.0000
09:24:46.7	2.9555	2.8956	9.8518	154.4326	1.0000
09:24:49.2	2.9555	2.8656	9.8518	152.8339	1.0000
09:24:47.2	2.9678	2.8716	9.8925	153.1536	1.0000
09:24:50.2	2.9800	2.8536	9.9332	152.1944	1.0000
09:24:51.2	3.0166	2.8656	10.0554	152.8339	1.0000
09:24:52.2	3.0410	2.9016	10.1368	154.7523	1.0000
09:24:53.2	3.0655	2.8836	10.2182	153.7931	1.0000
09:24:54.2	3.0899	2.8776	10.2996	153.4734	1.0000
09:24:56.2	3.1143	2.8776	10.3810	153.4734	1.0000
09:24:57.2	3.1387	2.9076	10.4625	155.0721	1.0000
09:24:55.2	3.1632	2.8956	10.5439	154.4326	1.0000
09:24:58.2	3.1632	2.8716	10.5439	153.1536	1.0000
09:24:59.2	3.1754	2.9076	10.5846	155.0721	1.0000
09:25:00.2	3.1876	2.8716	10.6253	153.1536	1.0000
09:25:01.2	3.2242	2.9016	10.7474	154.7523	1.0000
09:25:02.2	3.2487	2.8956	10.8289	154.4326	1.0000
09:25:03.2	3.3219	2.9136	11.0731	155.3918	1.0000
09:25:04.2	3.3341	2.8896	11.1138	154.1128	1.0000
09:25:05.2	3.3341	2.8656	11.1138	152.8339	1.0000
09:25:07.2	3.3586	2.8836	11.1952	153.7931	1.0000
09:25:06.2	3.3708	2.8836	11.2360	153.7931	1.0000
09:25:08.2	3.4074	2.8716	11.3581	153.1536	1.0000
09:25:09.2	3.4319	2.8896	11.4395	154.1128	1.0000
09:25:13.2	3.4319	2.8477	11.4395	151.8747	1.0000
09:25:10.2	3.4441	2.8716	11.4802	153.1536	1.0000
09:25:12.2	3.4441	2.8357	11.4802	151.2352	1.0000
09:25:11.2	3.4929	2.8536	11.6431	152.1944	1.0000
09:25:14.2	3.4929	2.8477	11.6431	151.8747	1.0000
09:25:15.2	3.5173	2.8836	11.7245	153.7931	1.0000
09:25:16.2	3.5296	2.8896	11.7652	154.1128	1.0000
09:25:17.2	3.5662	2.9076	11.8873	155.0721	1.0000
09:25:18.2	3.5906	2.8896	11.9687	154.1128	1.0000
09:25:20.2	3.6395	2.8956	12.1316	154.4326	1.0000
09:25:19.2	3.7005	2.9136	12.3351	155.3918	1.0000
09:25:22.2	3.7128	2.9076	12.3758	155.0721	1.0000
09:25:21.2	3.7250	2.9136	12.4165	155.3918	1.0000
09:25:23.2	3.7738	2.8896	12.5794	154.1128	1.0000
09:25:24.2	3.7738	2.9316	12.5794	156.3510	1.0000
09:25:25.2	3.8105	2.9076	12.7015	155.0721	1.0000
09:25:26.2	3.8227	2.9496	12.7422	157.3102	1.0000
09:25:28.2	3.8227	2.9016	12.7422	154.7523	1.0000
09:25:29.2	3.8349	2.9556	12.7829	157.6299	1.0000
09:25:27.2	3.8715	2.9436	12.9051	156.9905	1.0000
09:25:30.2	3.8959	2.9436	12.9865	156.9905	1.0000
09:25:31.2	3.9204	2.9136	13.0679	155.3918	1.0000
09:25:32.2	3.9326	2.9316	13.1086	156.3510	1.0000
09:25:33.2	3.9692	2.9316	13.2307	156.3510	1.0000
09:25:34.2	3.9692	2.9136	13.2307	155.3918	1.0000
09:25:35.2	4.0425	2.9316	13.4750	156.3510	1.0000
09:25:36.2	4.0547	2.9316	13.5157	156.3510	1.0000
09:25:37.2	4.0914	2.9376	13.6378	156.6707	1.0000
09:25:38.2	4.1158	2.9616	13.7193	157.9497	1.0000
09:25:39.2	4.1524	2.9556	13.8414	157.6299	1.0000
09:25:40.2	4.1891	2.9196	13.9635	155.7115	1.0000
09:25:41.2	4.2257	2.9616	14.0857	157.9497	1.0000
09:25:42.2	4.2501	2.9556	14.1671	157.6299	1.0000
09:25:44.2	4.2745	2.9316	14.2485	156.3510	1.0000
09:25:45.2	4.2990	2.9855	14.3299	159.2286	1.0000
09:25:43.2	4.3112	2.9915	14.3706	159.5484	1.0000
09:25:46.2	4.3234	2.9795	14.4113	158.9089	1.0000
09:25:47.2	4.3600	2.9855	14.5335	159.2286	1.0000
09:25:48.2	4.4211	2.9556	14.7370	157.6299	1.0000
09:25:49.2	4.4333	2.9735	14.7777	158.5892	1.0000
09:25:50.2	4.4577	2.9616	14.8591	157.9497	1.0000
09:25:52.2	4.5432	2.9496	15.1441	157.3102	1.0000
09:25:53.2	4.5677	2.9436	15.2255	156.9905	1.0000
09:25:51.2	4.5799	2.9496	15.2662	157.3102	1.0000
09:25:54.2	4.6409	2.9915	15.4698	159.5484	1.0000
09:25:55.2	4.6409	2.9855	15.4698	159.2286	1.0000
09:25:56.2	4.6776	2.9795	15.5919	158.9089	1.0000
09:25:57.2	4.7264	2.9676	15.7548	158.2694	1.0000
09:25:58.2	4.7509	2.9376	15.8362	156.6707	1.0000
09:26:00.2	4.7997	2.9676	15.9990	158.2694	1.0000
09:25:59.2	4.8241	2.9795	16.0804	158.9089	1.0000
09:26:01.2	4.8608	2.9376	16.2026	156.6707	1.0000
09:26:02.2	4.8974	2.9795	16.3247	158.9089	1.0000
09:26:03.2	4.9096	2.9735	16.3654	158.5892	1.0000
09:26:04.2	4.9585	2.9735	16.5283	158.5892	1.0000
09:26:05.2	4.9951	2.9676	16.6504	158.2694	1.0000
09:26:06.2	5.0562	2.9915	16.8539	159.5484	1.0000
09:26:08.2	5.0928	2.9616	16.9761	157.9497	1.0000
09:26:07.2	5.1050	2.9855	17.0168	159.2286	1.0000
09:26:10.2	5.1050	3.0035	17.0168	160.1878	1.0000
09:26:09.2	5.1172	2.9915	17.0575	159.5484	1.0000
09:26:11.2	5.1539	2.9975	17.1796	159.8681	1.0000
09:26:12.2	5.2149	2.9496	17.3832	157.3102	1.0000
09:26:13.2	5.2272	2.9855	17.4239	159.2286	1.0000
09:26:14.2	5.2516	2.9795	17.5053	158.9089	1.0000
09:26:16.2	5.2882	2.9735	17.6274	158.5892	1.0000
09:26:17.2	5.3127	2.9676	17.7088	158.2694	1.0000
09:26:15.2	5.3249	2.9735	17.7496	158.5892	1.0000
09:26:18.2	5.3493	2.9616	17.8310	157.9497	1.0000
09:26:19.2	5.3859	2.9915	17.9531	159.5484	1.0000
09:26:20.2	5.4348	2.9855	18.1159	159.2286	1.0000
09:26:21.2	5.4836	2.9915	18.2788	159.5484	1.0000
09:26:22.2	5.5081	2.9915	18.3602	159.5484	1.0000
09:26:24.2	5.5447	2.9556	18.4823	157.6299	1.0000
09:26:23.2	5.5813	2.9915	18.6045	159.5484	1.0000
09:26:25.2	5.5936	2.9436	18.6452	156.9905	1.0000
09:26:26.2	5.6424	2.9196	18.8080	155.7115	1.0000
09:26:27.2	5.6790	2.9496	18.9301	157.3102	1.0000
09:26:28.2	5.6790	2.9436	18.9301	156.9905	1.0000
09:26:29.2	5.7401	2.9376	19.1337	156.6707	1.0000
09:26:30.2	5.7890	2.9316	19.2965	156.3510	1.0000
09:26:32.2	5.8500	2.9076	19.5001	155.0721	1.0000
09:26:31.2	5.8745	2.9436	19.5815	156.9905	1.0000
09:26:33.2	5.8989	2.9436	19.6629	156.9905	1.0000
09:26:34.2	5.8989	2.9196	19.6629	155.7115	1.0000
09:26:35.2	5.9477	2.8716	19.8258	153.1536	1.0000
09:26:36.2	5.9966	2.8656	19.9886	152.8339	1.0000
09:26:37.2	6.0332	2.8536	20.1107	152.1944	1.0000
09:26:38.2	6.0699	2.8776	20.2329	153.4734	1.0000
09:26:40.2	6.1187	2.7997	20.3957	149.3168	1.0000
09:26:39.2	6.1431	2.8057	20.4771	149.6365	1.0000
09:26:41.2	6.1431	2.7877	20.4771	148.6773	1.0000
09:26:42.2	6.2042	2.7337	20.6807	145.7997	1.0000
09:26:43.2	6.2653	2.7337	20.8842	145.7997	1.0000
09:26:44.2	6.3019	2.6918	21.0064	143.5616	1.0000
09:26:45.2	6.3385	2.6858	21.1285	143.2418	1.0000
09:26:46.2	6.3752	2.6378	21.2506	140.6839	1.0000
09:26:48.2	6.4607	2.5719	21.5356	137.1668	1.0000
09:26:47.2	6.4729	2.6138	21.5763	139.4050	1.0000
09:26:49.2	6.4729	2.5539	21.5763	136.2076	1.0000
09:26:50.2	6.5217	2.4700	21.7391	131.7313	1.0000
09:26:51.2	6.5950	2.3920	21.9834	127.5747	1.0000
09:26:52.2	6.8149	1.0851	22.7162	57.8723	1.0000
09:26:53.2	7.0103	-0.1199	23.3675	-6.3947	1.0000
09:26:54.2	7.0835	-0.1079	23.6118	-5.7553	1.0000
09:26:55.2	7.1568	-0.0899	23.8560	-4.7960	1.0000
Data End	

Name:	Composite
User Comment:	

Data Start
t Time Index	l Distance	F Force	EPS Strain	R	TEST Test	
h:min:s	mm	KN	%	N/mm^2		
09:28:53.2	0.0611	0.0360	0.2035	1.9184	1.0000
09:28:54.2	0.0733	0.1379	0.2443	7.3539	1.0000
09:28:55.2	0.1954	0.1679	0.6514	8.9526	1.0000
09:28:56.2	0.2320	0.1739	0.7735	9.2723	1.0000
09:28:57.2	0.2443	0.2038	0.8142	10.8710	1.0000
09:28:58.2	0.2443	0.2038	0.8142	10.8710	1.0000
09:28:59.2	0.2809	0.1978	0.9363	10.5513	1.0000
09:29:01.2	0.2809	0.2098	0.9363	11.1908	1.0000
09:29:00.2	0.2931	0.2038	0.9770	10.8710	1.0000
09:29:02.2	0.2931	0.2038	0.9770	10.8710	1.0000
09:29:04.2	0.3542	0.2458	1.1806	13.1092	1.0000
09:29:03.2	0.3664	0.2218	1.2213	11.8302	1.0000
09:29:05.2	0.4030	0.2578	1.3434	13.7487	1.0000
09:29:06.2	0.4397	0.2818	1.4656	15.0276	1.0000
09:29:07.2	0.4641	0.2878	1.5470	15.3473	1.0000
09:29:08.2	0.4763	0.3297	1.5877	17.5855	1.0000
09:29:09.2	0.5252	0.3477	1.7505	18.5447	1.0000
09:29:11.2	0.5496	0.3777	1.8319	20.1434	1.0000
09:29:10.2	0.5740	0.3597	1.9134	19.1842	1.0000
09:29:12.2	0.5740	0.4436	1.9134	23.6605	1.0000
09:29:15.2	0.5862	0.4496	1.9541	23.9802	1.0000
09:29:13.2	0.5984	0.4436	1.9948	23.6605	1.0000
09:29:14.2	0.5984	0.4376	1.9948	23.3407	1.0000
09:29:16.2	0.6351	0.4856	2.1169	25.8986	1.0000
09:29:17.2	0.6351	0.5276	2.1169	28.1368	1.0000
09:29:18.2	0.6473	0.5575	2.1576	29.7355	1.0000
09:29:19.2	0.7084	0.6235	2.3612	33.2526	1.0000
09:29:21.2	0.7084	0.6894	2.3612	36.7697	1.0000
09:29:20.2	0.7206	0.6714	2.4019	35.8105	1.0000
09:29:22.2	0.7328	0.7614	2.4426	40.6065	1.0000
09:29:23.2	0.7328	0.8033	2.4426	42.8447	1.0000
09:29:24.2	0.7694	0.8633	2.5647	46.0420	1.0000
09:29:25.2	0.7816	0.9172	2.6054	48.9196	1.0000
09:29:26.2	0.7938	0.9592	2.6461	51.1578	1.0000
09:29:27.2	0.8671	1.0671	2.8904	56.9130	1.0000
09:29:28.2	0.8671	1.1810	2.8904	62.9880	1.0000
09:30:27.2	0.8671	0.7674	2.8904	40.9262	1.0000
09:30:28.2	0.8671	0.7913	2.8904	42.2052	1.0000
09:30:29.2	0.8671	0.8453	2.8904	45.0828	1.0000
09:30:26.2	0.8793	0.7854	2.9311	41.8854	1.0000
09:30:30.2	0.8793	0.9772	2.9311	52.1170	1.0000
09:29:29.2	0.8915	1.2710	2.9718	67.7841	1.0000
09:29:30.2	0.8915	1.2769	2.9718	68.1038	1.0000
09:30:24.2	0.9038	0.8333	3.0125	44.4433	1.0000
09:30:25.2	0.9038	0.8093	3.0125	43.1644	1.0000
09:29:31.2	0.9282	1.3729	3.0940	73.2196	1.0000
09:30:32.2	0.9282	1.1630	3.0940	62.0288	1.0000
09:30:23.2	0.9404	0.9112	3.1347	48.5999	1.0000
09:30:31.2	0.9404	1.0791	3.1347	57.5525	1.0000
09:30:33.2	0.9404	1.2590	3.1347	67.1446	1.0000
09:29:32.2	0.9648	1.5167	3.2161	80.8933	1.0000
09:30:19.2	0.9648	1.1570	3.2161	61.7091	1.0000
09:30:21.2	0.9648	1.0192	3.2161	54.3552	1.0000
09:30:22.2	0.9648	0.9892	3.2161	52.7565	1.0000
09:30:34.2	0.9648	1.3729	3.2161	73.2196	1.0000
09:30:20.2	0.9770	1.0551	3.2568	56.2736	1.0000
09:30:18.2	0.9893	1.2410	3.2975	66.1854	1.0000
09:29:33.2	1.0137	1.6007	3.3789	85.3696	1.0000
09:29:34.2	1.0137	1.6906	3.3789	90.1656	1.0000
09:30:35.2	1.0137	1.4628	3.3789	78.0156	1.0000
09:30:17.2	1.0259	1.3009	3.4196	69.3828	1.0000
09:30:36.2	1.0259	1.5647	3.4196	83.4511	1.0000
09:30:16.2	1.0381	1.3309	3.4603	70.9814	1.0000
09:30:37.2	1.0503	1.6726	3.5011	89.2064	1.0000
09:29:35.2	1.0625	1.7865	3.5418	95.2814	1.0000
09:30:13.2	1.0747	1.5947	3.5825	85.0498	1.0000
09:30:14.2	1.0747	1.5048	3.5825	80.2538	1.0000
09:30:38.2	1.0747	1.7745	3.5825	94.6419	1.0000
09:30:15.2	1.0870	1.4448	3.6232	77.0564	1.0000
09:29:36.2	1.0992	1.8884	3.6639	100.7169	1.0000
09:30:39.2	1.0992	1.8765	3.6639	100.0774	1.0000
09:30:41.2	1.0992	1.9004	3.6639	101.3564	1.0000
09:30:12.2	1.1236	1.6666	3.7453	88.8867	1.0000
09:30:40.2	1.1236	1.9184	3.7453	102.3156	1.0000
09:30:42.2	1.1236	1.9964	3.7453	106.4722	1.0000
09:29:41.2	1.1358	2.1103	3.7860	112.5471	1.0000
09:29:37.2	1.1480	2.0143	3.8267	107.4314	1.0000
09:29:38.2	1.1480	2.0743	3.8267	110.6287	1.0000
09:29:39.2	1.1480	2.0803	3.8267	110.9485	1.0000
09:30:10.2	1.1480	1.8465	3.8267	98.4787	1.0000
09:30:11.2	1.1480	1.7566	3.8267	93.6827	1.0000
09:29:40.2	1.1602	2.0803	3.8674	110.9485	1.0000
09:30:43.2	1.1724	2.0983	3.9082	111.9077	1.0000
09:30:44.2	1.1724	2.1462	3.9082	114.4656	1.0000
09:29:42.2	1.1969	2.2422	3.9896	119.5813	1.0000
09:30:09.2	1.1969	1.9424	3.9896	103.5945	1.0000
09:30:08.2	1.2091	1.9724	4.0303	105.1932	1.0000
09:30:45.2	1.2091	2.2302	4.0303	118.9419	1.0000
09:29:43.2	1.2213	2.3501	4.0710	125.3366	1.0000
09:29:44.2	1.2213	2.4460	4.0710	130.4524	1.0000
09:29:45.2	1.2335	2.5419	4.1117	135.5681	1.0000
09:30:46.2	1.2335	2.3321	4.1117	124.3774	1.0000
09:30:50.2	1.2335	2.4100	4.1117	128.5340	1.0000
09:30:07.2	1.2457	2.0263	4.1524	108.0708	1.0000
09:30:47.2	1.2457	2.3740	4.1524	126.6155	1.0000
09:30:52.2	1.2457	2.4820	4.1524	132.3708	1.0000
09:30:48.2	1.2579	2.4460	4.1931	130.4524	1.0000
09:30:49.2	1.2579	2.4520	4.1931	130.7721	1.0000
09:30:51.2	1.2579	2.4220	4.1931	129.1734	1.0000
09:30:53.2	1.2579	2.5359	4.1931	135.2484	1.0000
09:29:46.2	1.2702	2.6498	4.2338	141.3234	1.0000
09:30:06.2	1.2702	2.1103	4.2338	112.5471	1.0000
09:30:54.2	1.2702	2.6078	4.2338	139.0852	1.0000
09:30:58.2	1.2702	2.7158	4.2338	144.8405	1.0000
09:30:04.2	1.2824	2.2661	4.2745	120.8603	1.0000
09:29:47.2	1.2946	2.7397	4.3153	146.1194	1.0000
09:30:05.2	1.2946	2.1762	4.3153	116.0642	1.0000
09:30:55.2	1.3068	2.6858	4.3560	143.2418	1.0000
09:30:57.2	1.3068	2.7158	4.3560	144.8405	1.0000
09:29:48.2	1.3190	2.8177	4.3967	150.2760	1.0000
09:30:02.2	1.3190	2.4220	4.3967	129.1734	1.0000
09:30:03.2	1.3190	2.3501	4.3967	125.3366	1.0000
09:30:59.2	1.3190	2.7337	4.3967	145.7997	1.0000
09:29:49.2	1.3312	2.8237	4.4374	150.5957	1.0000
09:29:50.2	1.3312	2.8237	4.4374	150.5957	1.0000
09:30:56.2	1.3312	2.7218	4.4374	145.1602	1.0000
09:31:00.2	1.3312	2.7937	4.4374	148.9971	1.0000
09:29:58.2	1.3434	2.6798	4.4781	142.9221	1.0000
09:30:01.2	1.3434	2.4999	4.4781	133.3300	1.0000
09:29:52.2	1.3556	2.9975	4.5188	159.8681	1.0000
09:29:55.2	1.3556	3.0035	4.5188	160.1878	1.0000
09:29:57.2	1.3556	2.8357	4.5188	151.2352	1.0000
09:30:00.2	1.3556	2.5659	4.5188	136.8471	1.0000
09:31:01.2	1.3556	2.8716	4.5188	153.1536	1.0000
09:29:53.2	1.3679	2.9915	4.5595	159.5484	1.0000
09:29:56.2	1.3679	2.9735	4.5595	158.5892	1.0000
09:29:54.2	1.3801	2.9975	4.6002	159.8681	1.0000
09:29:59.2	1.3801	2.6138	4.6002	139.4050	1.0000
09:31:02.2	1.3801	2.9016	4.6002	154.7523	1.0000
09:29:51.2	1.3923	2.9676	4.6409	158.2694	1.0000
09:31:03.2	1.3923	2.9676	4.6409	158.2694	1.0000
09:31:04.2	1.3923	3.0035	4.6409	160.1878	1.0000
09:31:05.2	1.3923	3.0275	4.6409	161.4668	1.0000
09:31:07.2	1.4167	3.1354	4.7224	167.2220	1.0000
09:31:09.2	1.4167	3.1534	4.7224	168.1812	1.0000
09:31:06.2	1.4289	3.0875	4.7631	164.6641	1.0000
09:31:08.2	1.4289	3.1594	4.7631	168.5010	1.0000
09:31:10.2	1.4289	3.1654	4.7631	168.8207	1.0000
09:31:11.2	1.4656	3.2433	4.8852	172.9773	1.0000
09:31:12.2	1.4900	3.3213	4.9666	177.1339	1.0000
09:31:13.2	1.4900	3.3512	4.9666	178.7325	1.0000
09:31:17.2	1.4900	3.5011	4.9666	186.7259	1.0000
09:31:23.2	1.5022	3.5011	5.0073	186.7259	1.0000
09:31:24.2	1.5022	3.4891	5.0073	186.0865	1.0000
09:31:26.2	1.5022	3.5011	5.0073	186.7259	1.0000
09:31:14.2	1.5144	3.3992	5.0480	181.2904	1.0000
09:31:22.2	1.5144	3.4891	5.0480	186.0865	1.0000
09:31:25.2	1.5144	3.5071	5.0480	187.0457	1.0000
09:31:15.2	1.5266	3.4591	5.0887	184.4878	1.0000
09:31:16.2	1.5266	3.5071	5.0887	187.0457	1.0000
09:31:18.2	1.5388	3.4891	5.1295	186.0865	1.0000
09:31:21.2	1.5388	3.4951	5.1295	186.4062	1.0000
09:31:27.2	1.5388	3.5071	5.1295	187.0457	1.0000
09:31:28.2	1.5388	3.5011	5.1295	186.7259	1.0000
09:31:30.2	1.5388	3.5071	5.1295	187.0457	1.0000
09:31:38.2	1.5388	3.6330	5.1295	193.7601	1.0000
09:31:19.2	1.5511	3.4771	5.1702	185.4470	1.0000
09:31:20.2	1.5511	3.4951	5.1702	186.4062	1.0000
09:31:29.2	1.5511	3.5071	5.1702	187.0457	1.0000
09:31:31.2	1.5511	3.5491	5.1702	189.2838	1.0000
09:31:32.2	1.5511	3.6030	5.1702	192.1615	1.0000
09:31:37.2	1.5511	3.6510	5.1702	194.7193	1.0000
09:31:39.2	1.5511	3.6450	5.1702	194.3996	1.0000
09:31:36.2	1.5633	3.6510	5.2109	194.7193	1.0000
09:31:40.2	1.5633	3.7049	5.2109	197.5970	1.0000
09:31:33.2	1.5755	3.6450	5.2516	194.3996	1.0000
09:31:34.2	1.5755	3.6690	5.2516	195.6786	1.0000
09:31:35.2	1.5755	3.6690	5.2516	195.6786	1.0000
09:31:41.2	1.5877	3.7829	5.2923	201.7535	1.0000
09:31:42.2	1.6121	3.8788	5.3737	206.8693	1.0000
09:31:50.2	1.6365	4.0347	5.4551	215.1825	1.0000
09:31:45.2	1.6488	4.0646	5.4958	216.7811	1.0000
09:31:46.2	1.6488	4.0467	5.4958	215.8219	1.0000
09:31:47.2	1.6488	4.0347	5.4958	215.1825	1.0000
09:31:48.2	1.6488	4.0347	5.4958	215.1825	1.0000
09:31:49.2	1.6488	4.0287	5.4958	214.8627	1.0000
09:31:43.2	1.6610	3.9867	5.5366	212.6246	1.0000
09:31:44.2	1.6610	4.0587	5.5366	216.4614	1.0000
09:31:51.2	1.6610	4.0587	5.5366	216.4614	1.0000
09:31:52.2	1.6976	4.1306	5.6587	220.2982	1.0000
09:31:53.2	1.7220	4.1666	5.7401	222.2167	1.0000
09:31:54.2	1.7220	4.2385	5.7401	226.0535	1.0000
09:31:55.2	1.7342	4.2565	5.7808	227.0127	1.0000
09:31:56.2	1.7587	4.2805	5.8622	228.2916	1.0000
09:31:57.2	1.7587	4.3224	5.8622	230.5298	1.0000
09:31:59.2	1.7831	4.4903	5.9437	239.4824	1.0000
09:31:58.2	1.7953	4.4004	5.9844	234.6864	1.0000
09:32:00.2	1.7953	4.5622	5.9844	243.3192	1.0000
09:32:01.2	1.8075	4.5922	6.0251	244.9179	1.0000
09:32:02.2	1.8197	4.6642	6.0658	248.7548	1.0000
09:32:03.2	1.8319	4.7061	6.1065	250.9929	1.0000
09:32:04.2	1.8319	4.7061	6.1065	250.9929	1.0000
09:32:05.2	1.8442	4.7361	6.1472	252.5916	1.0000
09:32:06.2	1.8808	4.8620	6.2693	259.3061	1.0000
09:32:07.2	1.9052	4.9159	6.3508	262.1837	1.0000
09:32:08.2	1.9174	4.9699	6.3915	265.0613	1.0000
09:32:09.2	1.9419	5.0778	6.4729	270.8166	1.0000
09:32:10.2	1.9785	5.1797	6.5950	276.2521	1.0000
09:32:11.2	1.9907	5.2577	6.6357	280.4086	1.0000
09:32:12.2	2.0518	5.4855	6.8393	292.5586	1.0000
09:32:13.2	2.1373	5.6533	7.1242	301.5112	1.0000
09:32:14.2	2.1739	5.8152	7.2464	310.1441	1.0000
Data End	

Name:	Delrin
User Comment:	

Data Start
t Time Index	l Distance	F Force	EPS Strain	R	TEST Test	
h:min:s	mm	KN	%	N/mm^2		
09:35:51.2	0.0733	0.0000	0.2443	0.0000	1.0000
09:35:52.2	0.0733	0.0300	0.2443	1.5987	1.0000
09:35:54.2	0.0733	0.0180	0.2443	0.9592	1.0000
09:35:53.2	0.0855	0.0240	0.2850	1.2789	1.0000
09:35:55.2	0.1099	0.0300	0.3664	1.5987	1.0000
09:35:56.2	0.1343	0.0180	0.4478	0.9592	1.0000
09:35:57.2	0.1466	0.0300	0.4885	1.5987	1.0000
09:35:58.2	0.1710	0.0240	0.5699	1.2789	1.0000
09:36:00.2	0.1710	0.0180	0.5699	0.9592	1.0000
09:35:59.2	0.1832	0.0360	0.6106	1.9184	1.0000
09:36:02.2	0.1954	0.0300	0.6514	1.5987	1.0000
09:36:03.2	0.1954	0.0420	0.6514	2.2382	1.0000
09:36:01.2	0.2076	0.0300	0.6921	1.5987	1.0000
09:36:04.2	0.2198	0.0540	0.7328	2.8776	1.0000
09:36:05.2	0.2443	0.0300	0.8142	1.5987	1.0000
09:36:07.2	0.2565	0.0420	0.8549	2.2382	1.0000
09:36:06.2	0.2687	0.0360	0.8956	1.9184	1.0000
09:36:09.2	0.2809	0.0480	0.9363	2.5579	1.0000
09:36:10.2	0.2809	0.0480	0.9363	2.5579	1.0000
09:36:08.2	0.2931	0.0300	0.9770	1.5987	1.0000
09:36:11.2	0.2931	0.0899	0.9770	4.7960	1.0000
09:36:12.2	0.2931	0.0300	0.9770	1.5987	1.0000
09:36:15.2	0.2931	0.0480	0.9770	2.5579	1.0000
09:36:13.2	0.3053	0.0360	1.0177	1.9184	1.0000
09:36:14.2	0.3053	0.0420	1.0177	2.2382	1.0000
09:36:16.2	0.3053	0.0300	1.0177	1.5987	1.0000
09:36:17.2	0.3175	0.0540	1.0585	2.8776	1.0000
09:36:18.2	0.3542	0.0360	1.1806	1.9184	1.0000
09:36:19.2	0.3542	0.0480	1.1806	2.5579	1.0000
09:36:21.2	0.3664	0.0240	1.2213	1.2789	1.0000
09:36:22.2	0.3664	0.0240	1.2213	1.2789	1.0000
09:36:20.2	0.3908	0.0300	1.3027	1.5987	1.0000
09:36:23.2	0.3908	0.0600	1.3027	3.1974	1.0000
09:36:24.2	0.4275	0.0300	1.4248	1.5987	1.0000
09:36:26.2	0.4397	0.0420	1.4656	2.2382	1.0000
09:36:27.2	0.4397	0.0420	1.4656	2.2382	1.0000
09:36:25.2	0.4519	0.0300	1.5063	1.5987	1.0000
09:36:28.2	0.4641	0.0300	1.5470	1.5987	1.0000
09:36:29.2	0.4885	0.0300	1.6284	1.5987	1.0000
09:36:30.2	0.5007	0.0360	1.6691	1.9184	1.0000
09:36:31.2	0.5252	0.0480	1.7505	2.5579	1.0000
09:36:32.2	0.5496	0.0300	1.8319	1.5987	1.0000
09:36:36.2	0.5618	0.0300	1.8727	1.5987	1.0000
09:36:33.2	0.5740	0.0420	1.9134	2.2382	1.0000
09:36:34.2	0.5740	0.0300	1.9134	1.5987	1.0000
09:36:35.2	0.5740	0.0360	1.9134	1.9184	1.0000
09:36:38.2	0.6106	0.0300	2.0355	1.5987	1.0000
09:36:37.2	0.6229	0.0180	2.0762	0.9592	1.0000
09:36:39.2	0.6473	0.0360	2.1576	1.9184	1.0000
09:36:40.2	0.6473	0.0240	2.1576	1.2789	1.0000
09:36:41.2	0.6473	0.0240	2.1576	1.2789	1.0000
09:36:42.2	0.6473	0.0300	2.1576	1.5987	1.0000
09:36:43.2	0.6717	0.0300	2.2390	1.5987	1.0000
09:36:44.2	0.6961	0.0360	2.3205	1.9184	1.0000
09:36:45.2	0.7206	0.0480	2.4019	2.5579	1.0000
09:36:46.2	0.7450	0.0420	2.4833	2.2382	1.0000
09:36:47.2	0.7694	0.0420	2.5647	2.2382	1.0000
09:36:48.2	0.8061	0.0540	2.6869	2.8776	1.0000
09:36:49.2	0.8061	0.0480	2.6869	2.5579	1.0000
09:36:50.2	0.8061	0.0600	2.6869	3.1974	1.0000
09:36:51.2	0.8305	0.0600	2.7683	3.1974	1.0000
09:36:52.2	0.8671	0.0719	2.8904	3.8368	1.0000
09:36:53.2	0.8915	0.0779	2.9718	4.1566	1.0000
09:36:54.2	0.9526	0.0899	3.1754	4.7960	1.0000
09:36:55.2	0.9770	0.1079	3.2568	5.7553	1.0000
09:36:56.2	1.0015	0.1199	3.3382	6.3947	1.0000
09:36:57.2	1.0259	0.1199	3.4196	6.3947	1.0000
09:36:58.2	1.0381	0.1259	3.4603	6.7145	1.0000
09:36:59.2	1.0503	0.1319	3.5011	7.0342	1.0000
09:37:00.2	1.0625	0.1439	3.5418	7.6737	1.0000
09:37:01.2	1.0747	0.1499	3.5825	7.9934	1.0000
09:37:02.2	1.0747	0.1559	3.5825	8.3131	1.0000
09:37:03.2	1.1114	0.1679	3.7046	8.9526	1.0000
09:37:04.2	1.1358	0.1858	3.7860	9.9118	1.0000
09:37:05.2	1.1358	0.1978	3.7860	10.5513	1.0000
09:37:06.2	1.1724	0.1978	3.9082	10.5513	1.0000
09:37:08.2	1.1969	0.2158	3.9896	11.5105	1.0000
09:37:07.2	1.2091	0.2158	4.0303	11.5105	1.0000
09:37:09.2	1.2335	0.2398	4.1117	12.7894	1.0000
09:37:10.2	1.2579	0.2578	4.1931	13.7487	1.0000
09:37:11.2	1.2702	0.2638	4.2338	14.0684	1.0000
09:37:12.2	1.3068	0.2758	4.3560	14.7079	1.0000
09:37:13.2	1.3190	0.2938	4.3967	15.6671	1.0000
09:37:14.2	1.3312	0.2998	4.4374	15.9868	1.0000
09:37:15.2	1.3556	0.2998	4.5188	15.9868	1.0000
09:37:16.2	1.3556	0.3177	4.5188	16.9460	1.0000
09:37:17.2	1.3801	0.3357	4.6002	17.9052	1.0000
09:37:18.2	1.4045	0.3537	4.6816	18.8644	1.0000
09:37:19.2	1.4411	0.3657	4.8038	19.5039	1.0000
09:37:20.2	1.4778	0.3777	4.9259	20.1434	1.0000
09:37:21.2	1.5266	0.3957	5.0887	21.1026	1.0000
09:37:22.2	1.5266	0.4197	5.0887	22.3815	1.0000
09:37:23.2	1.5511	0.4436	5.1702	23.6605	1.0000
09:37:24.2	1.5877	0.4616	5.2923	24.6197	1.0000
09:37:25.2	1.5999	0.4796	5.3330	25.5789	1.0000
09:37:26.2	1.6488	0.4976	5.4958	26.5381	1.0000
09:37:27.2	1.6732	0.5156	5.5773	27.4973	1.0000
09:37:28.2	1.6732	0.5216	5.5773	27.8170	1.0000
09:37:29.2	1.6732	0.5336	5.5773	28.4565	1.0000
09:37:30.2	1.7342	0.5396	5.7808	28.7763	1.0000
09:37:31.2	1.7465	0.5635	5.8215	30.0552	1.0000
09:37:32.2	1.7465	0.5695	5.8215	30.3749	1.0000
09:37:33.2	1.7953	0.5995	5.9844	31.9736	1.0000
09:37:34.2	1.8197	0.6055	6.0658	32.2934	1.0000
09:37:35.2	1.8564	0.6355	6.1879	33.8920	1.0000
09:37:36.2	1.8930	0.6355	6.3100	33.8920	1.0000
09:37:37.2	1.9052	0.6655	6.3508	35.4907	1.0000
09:37:38.2	1.9419	0.6774	6.4729	36.1302	1.0000
09:37:40.2	1.9663	0.6954	6.5543	37.0894	1.0000
09:37:39.2	1.9785	0.6954	6.5950	37.0894	1.0000
09:37:41.2	2.0029	0.7194	6.6764	38.3683	1.0000
09:37:42.2	2.0029	0.7314	6.6764	39.0078	1.0000
09:37:43.2	2.0274	0.7614	6.7579	40.6065	1.0000
09:37:45.2	2.0518	0.7554	6.8393	40.2868	1.0000
09:37:44.2	2.0640	0.7614	6.8800	40.6065	1.0000
09:37:46.2	2.1128	0.7854	7.0428	41.8854	1.0000
09:37:47.2	2.1373	0.7973	7.1242	42.5249	1.0000
09:37:48.2	2.1739	0.8033	7.2464	42.8447	1.0000
09:37:49.2	2.2228	0.8393	7.4092	44.7631	1.0000
09:37:50.2	2.2472	0.8513	7.4906	45.4025	1.0000
09:37:51.2	2.2716	0.8573	7.5721	45.7223	1.0000
09:37:52.2	2.3083	0.8753	7.6942	46.6815	1.0000
09:37:53.2	2.3205	0.8933	7.7349	47.6407	1.0000
09:37:54.2	2.3449	0.9112	7.8163	48.5999	1.0000
09:37:55.2	2.3815	0.8993	7.9384	47.9604	1.0000
09:37:56.2	2.4060	0.9172	8.0199	48.9196	1.0000
09:37:57.2	2.4304	0.9292	8.1013	49.5591	1.0000
09:37:58.2	2.4548	0.9472	8.1827	50.5183	1.0000
09:37:59.2	2.5037	0.9712	8.3455	51.7973	1.0000
09:38:00.2	2.5281	0.9832	8.4270	52.4367	1.0000
09:38:01.2	2.5647	1.0012	8.5491	53.3959	1.0000
09:38:02.2	2.5769	1.0132	8.5898	54.0354	1.0000
09:38:03.2	2.5892	1.0252	8.6305	54.6749	1.0000
09:38:04.2	2.6258	1.0371	8.7526	55.3144	1.0000
09:38:05.2	2.6624	1.0431	8.8748	55.6341	1.0000
09:38:06.2	2.6869	1.0611	8.9562	56.5933	1.0000
09:38:07.2	2.7113	1.0731	9.0376	57.2328	1.0000
09:38:08.2	2.7479	1.0971	9.1597	58.5117	1.0000
09:38:09.2	2.7846	1.1031	9.2819	58.8315	1.0000
09:38:10.2	2.8212	1.1151	9.4040	59.4709	1.0000
09:38:11.2	2.8578	1.1451	9.5261	61.0696	1.0000
09:38:12.2	2.9067	1.1570	9.6890	61.7091	1.0000
09:38:13.2	2.9433	1.1810	9.8111	62.9880	1.0000
09:38:14.2	2.9800	1.1870	9.9332	63.3078	1.0000
09:38:15.2	3.0044	1.1990	10.0147	63.9472	1.0000
09:38:16.2	3.0166	1.1990	10.0554	63.9472	1.0000
09:38:17.2	3.0410	1.2050	10.1368	64.2670	1.0000
09:38:18.2	3.0777	1.2230	10.2589	65.2262	1.0000
09:38:19.2	3.0899	1.2290	10.2996	65.5459	1.0000
09:38:20.2	3.1143	1.2410	10.3810	66.1854	1.0000
09:38:21.2	3.1632	1.2470	10.5439	66.5051	1.0000
09:38:22.2	3.1754	1.2530	10.5846	66.8249	1.0000
09:38:23.2	3.2242	1.2710	10.7474	67.7841	1.0000
09:38:24.2	3.2731	1.3009	10.9103	69.3828	1.0000
09:38:25.2	3.3097	1.3009	11.0324	69.3828	1.0000
09:38:26.2	3.3464	1.3189	11.1545	70.3420	1.0000
09:41:08.2	3.3830	0.4916	11.2767	26.2184	1.0000
09:41:09.2	3.3830	0.4916	11.2767	26.2184	1.0000
09:41:10.2	3.3830	0.4916	11.2767	26.2184	1.0000
09:41:11.2	3.3830	0.4856	11.2767	25.8986	1.0000
09:38:27.2	3.3952	1.3249	11.3174	70.6617	1.0000
09:38:29.2	3.3952	1.3249	11.3174	70.6617	1.0000
09:41:05.2	3.3952	0.5216	11.3174	27.8170	1.0000
09:41:12.2	3.3952	0.5216	11.3174	27.8170	1.0000
09:38:28.2	3.4074	1.3249	11.3581	70.6617	1.0000
09:41:06.2	3.4074	0.5036	11.3581	26.8578	1.0000
09:41:07.2	3.4074	0.4916	11.3581	26.2184	1.0000
09:38:30.2	3.4196	1.3549	11.3988	72.2604	1.0000
09:41:03.2	3.4319	0.5036	11.4395	26.8578	1.0000
09:41:13.2	3.4319	0.6475	11.4395	34.5315	1.0000
09:41:04.2	3.4441	0.5036	11.4802	26.8578	1.0000
09:41:01.2	3.4563	0.5515	11.5209	29.4157	1.0000
09:41:02.2	3.4563	0.5276	11.5209	28.1368	1.0000
09:41:00.2	3.4685	0.5096	11.5616	27.1776	1.0000
09:41:14.2	3.4685	0.7014	11.5616	37.4091	1.0000
09:38:31.2	3.4807	1.3369	11.6023	71.3012	1.0000
09:40:56.2	3.4807	0.5156	11.6023	27.4973	1.0000
09:40:57.2	3.4807	0.5276	11.6023	28.1368	1.0000
09:40:59.2	3.4807	0.5036	11.6023	26.8578	1.0000
09:38:32.2	3.4929	1.3429	11.6431	71.6209	1.0000
09:38:33.2	3.4929	1.3429	11.6431	71.6209	1.0000
09:40:58.2	3.4929	0.5276	11.6431	28.1368	1.0000
09:40:55.2	3.5051	0.5336	11.6838	28.4565	1.0000
09:41:15.2	3.5173	0.7314	11.7245	39.0078	1.0000
09:38:34.2	3.5296	1.3489	11.7652	71.9406	1.0000
09:40:51.2	3.5296	0.5515	11.7652	29.4157	1.0000
09:40:52.2	3.5296	0.5575	11.7652	29.7355	1.0000
09:40:53.2	3.5296	0.5515	11.7652	29.4157	1.0000
09:40:54.2	3.5418	0.5396	11.8059	28.7763	1.0000
09:41:16.2	3.5540	0.7734	11.8466	41.2460	1.0000
09:40:49.2	3.5662	0.5396	11.8873	28.7763	1.0000
09:40:50.2	3.5662	0.5515	11.8873	29.4157	1.0000
09:38:35.2	3.5784	1.3669	11.9280	72.8999	1.0000
09:41:17.2	3.5784	0.7973	11.9280	42.5249	1.0000
09:40:47.2	3.6028	0.5635	12.0094	30.0552	1.0000
09:40:48.2	3.6028	0.5575	12.0094	29.7355	1.0000
09:40:46.2	3.6150	0.5935	12.0502	31.6539	1.0000
09:41:18.2	3.6150	0.8153	12.0502	43.4841	1.0000
09:38:36.2	3.6273	1.3849	12.0909	73.8591	1.0000
09:41:19.2	3.6517	0.8393	12.1723	44.7631	1.0000
09:38:37.2	3.6761	1.4148	12.2537	75.4577	1.0000
09:40:45.2	3.6761	0.5935	12.2537	31.6539	1.0000
09:38:38.2	3.6883	1.4028	12.2944	74.8183	1.0000
09:40:44.2	3.6883	0.5995	12.2944	31.9736	1.0000
09:41:20.2	3.6883	0.8633	12.2944	46.0420	1.0000
09:41:22.2	3.6883	0.8753	12.2944	46.6815	1.0000
09:40:43.2	3.7005	0.6055	12.3351	32.2934	1.0000
09:41:21.2	3.7005	0.8693	12.3351	46.3617	1.0000
09:38:39.2	3.7128	1.4148	12.3758	75.4577	1.0000
09:41:23.2	3.7128	0.9053	12.3758	48.2802	1.0000
09:40:40.2	3.7250	0.6175	12.4165	32.9328	1.0000
09:40:41.2	3.7250	0.6295	12.4165	33.5723	1.0000
09:40:42.2	3.7372	0.6115	12.4573	32.6131	1.0000
09:41:24.2	3.7372	0.8993	12.4573	47.9604	1.0000
09:40:38.2	3.7494	0.6355	12.4980	33.8920	1.0000
09:40:39.2	3.7494	0.6235	12.4980	33.2526	1.0000
09:38:40.2	3.7616	1.4208	12.5387	75.7775	1.0000
09:41:25.2	3.7738	0.9292	12.5794	49.5591	1.0000
09:38:41.2	3.7860	1.4268	12.6201	76.0972	1.0000
09:40:36.2	3.7860	0.6535	12.6201	34.8512	1.0000
09:40:37.2	3.7982	0.6415	12.6608	34.2118	1.0000
09:38:42.2	3.8105	1.4268	12.7015	76.0972	1.0000
09:40:35.2	3.8105	0.6475	12.7015	34.5315	1.0000
09:41:26.2	3.8105	0.9592	12.7015	51.1578	1.0000
09:41:27.2	3.8105	0.9772	12.7015	52.1170	1.0000
09:38:43.2	3.8593	1.4388	12.8644	76.7367	1.0000
09:40:34.2	3.8593	0.6714	12.8644	35.8105	1.0000
09:41:28.2	3.8593	0.9712	12.8644	51.7973	1.0000
09:41:29.2	3.8715	1.0072	12.9051	53.7157	1.0000
09:41:31.2	3.8715	1.0012	12.9051	53.3959	1.0000
09:38:44.2	3.8837	1.4508	12.9458	77.3762	1.0000
09:41:30.2	3.8837	1.0252	12.9458	54.6749	1.0000
09:41:32.2	3.8837	0.9952	12.9458	53.0762	1.0000
09:40:33.2	3.8959	0.6954	12.9865	37.0894	1.0000
09:40:32.2	3.9204	0.7134	13.0679	38.0486	1.0000
09:38:45.2	3.9326	1.4568	13.1086	77.6959	1.0000
09:38:46.2	3.9570	1.4568	13.1900	77.6959	1.0000
09:40:31.2	3.9570	0.7134	13.1900	38.0486	1.0000
09:41:33.2	3.9570	1.0252	13.1900	54.6749	1.0000
09:40:30.2	3.9692	0.7314	13.2307	39.0078	1.0000
09:40:29.2	3.9936	0.7314	13.3122	39.0078	1.0000
09:41:34.2	3.9936	1.0371	13.3122	55.3144	1.0000
09:41:35.2	3.9936	1.0551	13.3122	56.2736	1.0000
09:38:47.2	4.0059	1.4748	13.3529	78.6551	1.0000
09:40:28.2	4.0059	0.7434	13.3529	39.6473	1.0000
09:41:36.2	4.0181	1.0551	13.3936	56.2736	1.0000
09:38:48.2	4.0425	1.4628	13.4750	78.0156	1.0000
09:40:27.2	4.0425	0.7674	13.4750	40.9262	1.0000
09:41:37.2	4.0425	1.0671	13.4750	56.9130	1.0000
09:41:38.2	4.0425	1.0911	13.4750	58.1920	1.0000
09:38:49.2	4.0547	1.4688	13.5157	78.3354	1.0000
09:41:39.2	4.0547	1.1031	13.5157	58.8315	1.0000
09:40:26.2	4.0669	0.7674	13.5564	40.9262	1.0000
09:41:40.2	4.0791	1.1451	13.5971	61.0696	1.0000
09:38:50.2	4.0914	1.4748	13.6378	78.6551	1.0000
09:40:25.2	4.1158	0.7854	13.7193	41.8854	1.0000
09:38:51.2	4.1280	1.4748	13.7600	78.6551	1.0000
09:41:41.2	4.1280	1.1451	13.7600	61.0696	1.0000
09:41:42.2	4.1402	1.1391	13.8007	60.7499	1.0000
09:38:52.2	4.1524	1.4748	13.8414	78.6551	1.0000
09:40:24.2	4.1524	0.8093	13.8414	43.1644	1.0000
09:38:53.2	4.1768	1.4748	13.9228	78.6551	1.0000
09:40:22.2	4.1768	0.8273	13.9228	44.1236	1.0000
09:40:23.2	4.1768	0.8213	13.9228	43.8039	1.0000
09:41:43.2	4.1768	1.1511	13.9228	61.3894	1.0000
09:38:54.2	4.1891	1.4868	13.9635	79.2946	1.0000
09:40:21.2	4.2013	0.8393	14.0042	44.7631	1.0000
09:38:55.2	4.2135	1.4928	14.0449	79.6143	1.0000
09:41:44.2	4.2257	1.1810	14.0857	62.9880	1.0000
09:38:56.2	4.2379	1.4928	14.1264	79.6143	1.0000
09:40:20.2	4.2379	0.8453	14.1264	45.0828	1.0000
09:41:45.2	4.2379	1.1810	14.1264	62.9880	1.0000
09:38:57.2	4.2501	1.4808	14.1671	78.9748	1.0000
09:40:19.2	4.2623	0.8753	14.2078	46.6815	1.0000
09:41:46.2	4.2623	1.2170	14.2078	64.9064	1.0000
09:38:58.2	4.2745	1.4868	14.2485	79.2946	1.0000
09:40:17.2	4.2745	0.8873	14.2485	47.3210	1.0000
09:40:18.2	4.2745	0.8693	14.2485	46.3617	1.0000
09:40:16.2	4.3112	0.8873	14.3706	47.3210	1.0000
09:41:47.2	4.3112	1.2290	14.3706	65.5459	1.0000
09:38:59.2	4.3234	1.5048	14.4113	80.2538	1.0000
09:40:15.2	4.3234	0.8873	14.4113	47.3210	1.0000
09:40:14.2	4.3356	0.9053	14.4520	48.2802	1.0000
09:41:48.2	4.3356	1.2230	14.4520	65.2262	1.0000
09:41:49.2	4.3356	1.2410	14.4520	66.1854	1.0000
09:40:13.2	4.3478	0.9172	14.4928	48.9196	1.0000
09:40:12.2	4.3600	0.9292	14.5335	49.5591	1.0000
09:39:00.2	4.3723	1.5108	14.5742	80.5735	1.0000
09:40:11.2	4.3845	0.9412	14.6149	50.1986	1.0000
09:41:50.2	4.3845	1.2650	14.6149	67.4643	1.0000
09:40:10.2	4.3967	0.9412	14.6556	50.1986	1.0000
09:39:01.2	4.4089	1.5227	14.6963	81.2130	1.0000
09:40:07.2	4.4089	0.9472	14.6963	50.5183	1.0000
09:40:06.2	4.4211	0.9592	14.7370	51.1578	1.0000
09:40:09.2	4.4211	0.9532	14.7370	50.8381	1.0000
09:39:02.2	4.4333	1.5287	14.7777	81.5327	1.0000
09:40:05.2	4.4333	0.9592	14.7777	51.1578	1.0000
09:40:08.2	4.4333	0.9592	14.7777	51.1578	1.0000
09:40:04.2	4.4455	0.9592	14.8184	51.1578	1.0000
09:41:51.2	4.4577	1.2889	14.8591	68.7433	1.0000
09:39:03.2	4.4700	1.5287	14.8999	81.5327	1.0000
09:40:03.2	4.4822	0.9832	14.9406	52.4367	1.0000
09:39:04.2	4.4944	1.5227	14.9813	81.2130	1.0000
09:40:01.2	4.5066	1.0072	15.0220	53.7157	1.0000
09:40:02.2	4.5066	0.9892	15.0220	52.7565	1.0000
09:39:05.2	4.5310	1.5227	15.1034	81.2130	1.0000
09:39:58.2	4.5310	1.0252	15.1034	54.6749	1.0000
09:39:59.2	4.5310	1.0192	15.1034	54.3552	1.0000
09:40:00.2	4.5310	1.0311	15.1034	54.9946	1.0000
09:41:52.2	4.5310	1.3189	15.1034	70.3420	1.0000
09:39:56.2	4.5554	1.0551	15.1848	56.2736	1.0000
09:39:57.2	4.5554	1.0551	15.1848	56.2736	1.0000
09:39:06.2	4.5677	1.5347	15.2255	81.8525	1.0000
09:39:55.2	4.5677	1.0671	15.2255	56.9130	1.0000
09:41:53.2	4.5677	1.3429	15.2255	71.6209	1.0000
09:39:53.2	4.5799	1.0791	15.2662	57.5525	1.0000
09:39:54.2	4.5921	1.0791	15.3070	57.5525	1.0000
09:41:54.2	4.6043	1.3549	15.3477	72.2604	1.0000
09:39:07.2	4.6165	1.5347	15.3884	81.8525	1.0000
09:39:52.2	4.6165	1.0911	15.3884	58.1920	1.0000
09:41:55.2	4.6287	1.3669	15.4291	72.8999	1.0000
09:39:50.2	4.6409	1.1151	15.4698	59.4709	1.0000
09:39:51.2	4.6409	1.1211	15.4698	59.7907	1.0000
09:39:08.2	4.6532	1.5407	15.5105	82.1722	1.0000
09:39:09.2	4.6532	1.5467	15.5105	82.4919	1.0000
09:39:48.2	4.6654	1.1331	15.5512	60.4301	1.0000
09:39:49.2	4.6654	1.1211	15.5512	59.7907	1.0000
09:41:56.2	4.6654	1.3669	15.5512	72.8999	1.0000
09:39:10.2	4.6776	1.5407	15.5919	82.1722	1.0000
09:39:47.2	4.6776	1.1151	15.5919	59.4709	1.0000
09:39:46.2	4.6898	1.1271	15.6326	60.1104	1.0000
09:39:45.2	4.7020	1.1630	15.6733	62.0288	1.0000
09:41:57.2	4.7020	1.3849	15.6733	73.8591	1.0000
09:39:11.2	4.7142	1.5347	15.7141	81.8525	1.0000
09:39:43.2	4.7264	1.1810	15.7548	62.9880	1.0000
09:39:44.2	4.7264	1.1570	15.7548	61.7091	1.0000
09:41:58.2	4.7264	1.3968	15.7548	74.4985	1.0000
09:39:15.2	4.7386	1.5108	15.7955	80.5735	1.0000
09:39:12.2	4.7509	1.5347	15.8362	81.8525	1.0000
09:39:13.2	4.7509	1.5287	15.8362	81.5327	1.0000
09:39:14.7	4.7509	1.5167	15.8362	80.8933	1.0000
09:39:40.2	4.7509	1.2230	15.8362	65.2262	1.0000
09:39:41.2	4.7509	1.1990	15.8362	63.9472	1.0000
09:39:42.2	4.7509	1.1870	15.8362	63.3078	1.0000
09:41:59.2	4.7509	1.3968	15.8362	74.4985	1.0000
09:39:39.2	4.7753	1.2290	15.9176	65.5459	1.0000
09:39:38.2	4.7875	1.2290	15.9583	65.5459	1.0000
09:42:00.2	4.7875	1.4088	15.9583	75.1380	1.0000
09:39:16.2	4.7997	1.5287	15.9990	81.5327	1.0000
09:39:17.2	4.7997	1.5227	15.9990	81.2130	1.0000
09:39:18.2	4.7997	1.5167	15.9990	80.8933	1.0000
09:39:33.2	4.7997	1.2590	15.9990	67.1446	1.0000
09:39:34.2	4.7997	1.2470	15.9990	66.5051	1.0000
09:39:35.2	4.7997	1.2410	15.9990	66.1854	1.0000
09:39:37.2	4.7997	1.2410	15.9990	66.1854	1.0000
09:42:01.2	4.7997	1.4208	15.9990	75.7775	1.0000
09:39:36.2	4.8119	1.2350	16.0397	65.8657	1.0000
09:39:19.2	4.8241	1.5347	16.0804	81.8525	1.0000
09:39:29.2	4.8241	1.3129	16.0804	70.0222	1.0000
09:39:32.2	4.8241	1.2650	16.0804	67.4643	1.0000
09:39:31.2	4.8363	1.2769	16.1212	68.1038	1.0000
09:42:02.2	4.8363	1.4328	16.1212	76.4170	1.0000
09:42:03.2	4.8363	1.4448	16.1212	77.0564	1.0000
09:39:30.2	4.8486	1.2949	16.1619	69.0630	1.0000
09:39:20.2	4.8608	1.5167	16.2026	80.8933	1.0000
09:39:21.2	4.8730	1.5227	16.2433	81.2130	1.0000
09:39:22.2	4.8730	1.5108	16.2433	80.5735	1.0000
09:39:23.2	4.8730	1.5108	16.2433	80.5735	1.0000
09:39:25.2	4.8730	1.5048	16.2433	80.2538	1.0000
09:42:05.2	4.8730	1.4508	16.2433	77.3762	1.0000
09:39:26.2	4.8852	1.5048	16.2840	80.2538	1.0000
09:39:27.2	4.8852	1.5048	16.2840	80.2538	1.0000
09:39:24.2	4.8974	1.5347	16.3247	81.8525	1.0000
09:39:28.2	4.8974	1.3729	16.3247	73.2196	1.0000
09:42:04.2	4.8974	1.4628	16.3247	78.0156	1.0000
09:42:06.2	4.9096	1.4688	16.3654	78.3354	1.0000
09:42:07.2	4.9707	1.4868	16.5690	79.2946	1.0000
09:42:08.2	4.9707	1.4928	16.5690	79.6143	1.0000
09:42:09.2	5.0318	1.5048	16.7725	80.2538	1.0000
09:42:10.2	5.0806	1.5167	16.9354	80.8933	1.0000
09:42:11.2	5.1050	1.5227	17.0168	81.2130	1.0000
09:42:12.2	5.1417	1.5407	17.1389	82.1722	1.0000
09:42:13.2	5.1783	1.5887	17.2610	84.7301	1.0000
09:42:15.2	5.2027	1.5707	17.3425	83.7709	1.0000
09:42:14.2	5.2149	1.5647	17.3832	83.4511	1.0000
09:42:16.2	5.2760	1.5767	17.5867	84.0906	1.0000
09:42:17.2	5.3004	1.5827	17.6681	84.4104	1.0000
09:42:18.2	5.3493	1.5707	17.8310	83.7709	1.0000
09:42:19.2	5.3737	1.5887	17.9124	84.7301	1.0000
09:42:20.2	5.4104	1.5707	18.0345	83.7709	1.0000
09:42:21.2	5.4470	1.5647	18.1567	83.4511	1.0000
09:42:23.2	5.4470	1.5587	18.1567	83.1314	1.0000
09:42:22.2	5.4592	1.5647	18.1974	83.4511	1.0000
09:42:24.2	5.4958	1.5467	18.3195	82.4919	1.0000
09:42:25.2	5.4958	1.5527	18.3195	82.8117	1.0000
09:42:26.2	5.4958	1.5407	18.3195	82.1722	1.0000
09:42:27.2	5.5447	1.5407	18.4823	82.1722	1.0000
09:42:28.2	5.5569	1.5527	18.5230	82.8117	1.0000
09:42:29.2	5.5813	1.5527	18.6045	82.8117	1.0000
09:42:30.2	5.5936	1.5467	18.6452	82.4919	1.0000
09:42:31.2	5.6180	1.5347	18.7266	81.8525	1.0000
09:42:32.2	5.6546	1.5467	18.8487	82.4919	1.0000
09:42:33.2	5.6546	1.5467	18.8487	82.4919	1.0000
09:42:34.2	5.6913	1.5467	18.9709	82.4919	1.0000
09:42:35.2	5.7157	1.5467	19.0523	82.4919	1.0000
09:42:36.2	5.7523	1.5527	19.1744	82.8117	1.0000
09:42:37.2	5.7890	1.5647	19.2965	83.4511	1.0000
09:42:38.2	5.8134	1.5587	19.3780	83.1314	1.0000
09:42:39.2	5.8256	1.5407	19.4187	82.1722	1.0000
09:42:40.2	5.8500	1.5407	19.5001	82.1722	1.0000
09:42:41.2	5.8622	1.5407	19.5408	82.1722	1.0000
09:42:42.2	5.8867	1.5467	19.6222	82.4919	1.0000
09:42:43.2	5.8989	1.5347	19.6629	81.8525	1.0000
09:42:44.2	5.8989	1.5347	19.6629	81.8525	1.0000
09:42:45.2	5.9233	1.5347	19.7443	81.8525	1.0000
09:42:46.2	5.9355	1.5227	19.7851	81.2130	1.0000
09:42:47.2	5.9599	1.5287	19.8665	81.5327	1.0000
09:42:48.2	5.9844	1.5347	19.9479	81.8525	1.0000
09:42:49.2	6.0088	1.5407	20.0293	82.1722	1.0000
09:42:50.2	6.0210	1.5407	20.0700	82.1722	1.0000
09:42:51.2	6.0576	1.5707	20.1922	83.7709	1.0000
09:42:52.2	6.0821	1.5407	20.2736	82.1722	1.0000
09:42:53.2	6.1065	1.5527	20.3550	82.8117	1.0000
09:42:54.2	6.1309	1.5347	20.4364	81.8525	1.0000
09:42:55.2	6.1553	1.5467	20.5178	82.4919	1.0000
09:42:56.2	6.2286	1.5647	20.7621	83.4511	1.0000
09:42:57.2	6.2531	1.5587	20.8435	83.1314	1.0000
09:42:58.2	6.2897	1.5527	20.9656	82.8117	1.0000
09:42:59.2	6.2897	1.5587	20.9656	83.1314	1.0000
09:43:00.2	6.3141	1.5347	21.0471	81.8525	1.0000
09:43:01.2	6.3385	1.5467	21.1285	82.4919	1.0000
09:43:02.2	6.3630	1.5587	21.2099	83.1314	1.0000
09:43:03.2	6.3996	1.5647	21.3320	83.4511	1.0000
09:43:04.2	6.4240	1.5527	21.4135	82.8117	1.0000
09:43:05.2	6.4362	1.5467	21.4542	82.4919	1.0000
09:43:06.2	6.4607	1.5527	21.5356	82.8117	1.0000
09:43:07.2	6.5095	1.5467	21.6984	82.4919	1.0000
09:43:08.2	6.5462	1.5587	21.8206	83.1314	1.0000
09:43:09.2	6.5950	1.5587	21.9834	83.1314	1.0000
09:43:10.2	6.6317	1.5587	22.1055	83.1314	1.0000
09:43:11.2	6.6317	1.5587	22.1055	83.1314	1.0000
09:43:12.2	6.7049	1.5527	22.3498	82.8117	1.0000
09:43:13.2	6.7171	1.5407	22.3905	82.1722	1.0000
09:43:14.2	6.7416	1.5527	22.4719	82.8117	1.0000
09:43:15.2	6.7782	1.5467	22.5940	82.4919	1.0000
09:43:16.2	6.8026	1.5467	22.6755	82.4919	1.0000
09:43:17.2	6.8393	1.5347	22.7976	81.8525	1.0000
09:43:18.2	6.8515	1.5467	22.8383	82.4919	1.0000
09:43:19.2	6.8881	1.5407	22.9604	82.1722	1.0000
09:43:20.2	6.9370	1.5407	23.1233	82.1722	1.0000
09:43:21.2	6.9736	1.5467	23.2454	82.4919	1.0000
09:43:22.2	6.9980	1.5347	23.3268	81.8525	1.0000
09:43:24.2	7.0225	1.5227	23.4082	81.2130	1.0000
09:43:23.2	7.0469	1.5227	23.4897	81.2130	1.0000
09:43:25.2	7.0957	1.5527	23.6525	82.8117	1.0000
09:43:26.2	7.1202	1.5287	23.7339	81.5327	1.0000
09:43:27.2	7.1690	1.5587	23.8968	83.1314	1.0000
09:43:28.2	7.2057	1.5407	24.0189	82.1722	1.0000
09:43:29.2	7.2423	1.5407	24.1410	82.1722	1.0000
09:43:30.2	7.2423	1.5347	24.1410	81.8525	1.0000
09:43:31.2	7.3034	1.5407	24.3446	82.1722	1.0000
09:43:32.2	7.3522	1.5647	24.5074	83.4511	1.0000
09:43:33.2	7.4133	1.5587	24.7110	83.1314	1.0000
09:43:34.2	7.4621	1.5527	24.8738	82.8117	1.0000
09:43:35.2	7.4866	1.5347	24.9552	81.8525	1.0000
09:43:36.2	7.5232	1.5467	25.0773	82.4919	1.0000
09:43:37.2	7.5721	1.5407	25.2402	82.1722	1.0000
09:43:38.2	7.5965	1.5407	25.3216	82.1722	1.0000
09:43:39.2	7.6331	1.5407	25.4437	82.1722	1.0000
09:43:40.2	7.6698	1.5467	25.5659	82.4919	1.0000
09:43:41.2	7.6942	1.5407	25.6473	82.1722	1.0000
09:43:42.2	7.7430	1.5347	25.8101	81.8525	1.0000
09:43:43.2	7.7675	1.5227	25.8915	81.2130	1.0000
09:43:44.2	7.8163	1.5227	26.0544	81.2130	1.0000
09:43:45.2	7.8652	1.5227	26.2172	81.2130	1.0000
09:43:46.2	7.9018	1.5347	26.3394	81.8525	1.0000
09:43:47.2	7.9384	1.5407	26.4615	82.1722	1.0000
09:43:48.2	7.9751	1.5287	26.5836	81.5327	1.0000
09:43:49.2	8.0117	1.5347	26.7057	81.8525	1.0000
09:43:50.2	8.0728	1.5407	26.9093	82.1722	1.0000
09:43:51.2	8.0972	1.5287	26.9907	81.5327	1.0000
09:43:53.2	8.1216	1.5108	27.0721	80.5735	1.0000
09:43:52.2	8.1339	1.5227	27.1128	81.2130	1.0000
09:43:54.2	8.1583	1.5048	27.1943	80.2538	1.0000
09:43:55.2	8.1705	1.4988	27.2350	79.9340	1.0000
09:43:56.2	8.1949	1.5108	27.3164	80.5735	1.0000
09:43:57.2	8.2193	1.5108	27.3978	80.5735	1.0000
09:43:58.2	8.2438	1.5108	27.4792	80.5735	1.0000
09:43:59.2	8.2682	1.5048	27.5607	80.2538	1.0000
09:44:00.2	8.3293	1.5108	27.7642	80.5735	1.0000
09:44:01.2	8.3293	1.5048	27.7642	80.2538	1.0000
09:44:02.2	8.3537	1.5347	27.8456	81.8525	1.0000
09:44:03.2	8.3903	1.5227	27.9678	81.2130	1.0000
09:44:05.2	8.4392	1.5167	28.1306	80.8933	1.0000
09:44:04.2	8.4514	1.5227	28.1713	81.2130	1.0000
09:44:06.2	8.4880	1.5108	28.2934	80.5735	1.0000
09:44:07.2	8.5247	1.5108	28.4156	80.5735	1.0000
09:44:08.2	8.5857	1.5227	28.6191	81.2130	1.0000
09:44:09.2	8.6224	1.5287	28.7412	81.5327	1.0000
09:44:10.2	8.6712	1.5167	28.9041	80.8933	1.0000
09:44:11.2	8.6957	1.5167	28.9855	80.8933	1.0000
09:44:12.2	8.7323	1.5167	29.1076	80.8933	1.0000
09:44:13.2	8.7689	1.5167	29.2298	80.8933	1.0000
09:44:14.2	8.7811	1.5167	29.2705	80.8933	1.0000
09:44:15.2	8.8666	1.5287	29.5554	81.5327	1.0000
09:44:16.2	8.8911	1.5347	29.6369	81.8525	1.0000
09:44:17.2	8.9399	1.5287	29.7997	81.5327	1.0000
09:44:18.2	8.9766	1.5287	29.9218	81.5327	1.0000
09:44:19.2	9.0498	1.5227	30.1661	81.2130	1.0000
09:44:20.2	9.0865	1.5407	30.2882	82.1722	1.0000
09:44:21.2	9.1353	1.5347	30.4511	81.8525	1.0000
09:44:22.2	9.1842	1.5167	30.6139	80.8933	1.0000
09:44:23.2	9.2208	1.5227	30.7360	81.2130	1.0000
09:44:24.2	9.3063	1.5347	31.0210	81.8525	1.0000
09:44:25.2	9.3429	1.5108	31.1431	80.5735	1.0000
09:44:26.2	9.3552	1.5227	31.1838	81.2130	1.0000
09:44:27.2	9.3918	1.5167	31.3060	80.8933	1.0000
09:44:28.2	9.4651	1.5108	31.5502	80.5735	1.0000
09:44:29.2	9.4895	1.5108	31.6317	80.5735	1.0000
09:44:30.2	9.5383	1.4988	31.7945	79.9340	1.0000
09:44:31.2	9.5872	1.5108	31.9573	80.5735	1.0000
09:44:32.2	9.6361	1.5167	32.1202	80.8933	1.0000
09:44:33.2	9.6605	1.4988	32.2016	79.9340	1.0000
09:44:34.2	9.6727	1.5108	32.2423	80.5735	1.0000
09:44:35.2	9.7338	1.4808	32.4459	78.9748	1.0000
09:44:36.2	9.7826	1.4928	32.6087	79.6143	1.0000
09:44:37.2	9.8315	1.5227	32.7715	81.2130	1.0000
09:44:38.2	9.8437	1.5227	32.8122	81.2130	1.0000
09:44:39.2	9.9536	1.5227	33.1786	81.2130	1.0000
09:44:40.2	9.9780	1.5227	33.2601	81.2130	1.0000
09:44:41.2	10.0147	1.5167	33.3822	80.8933	1.0000
09:44:42.2	10.0513	1.5048	33.5043	80.2538	1.0000
09:44:43.2	10.0757	1.5108	33.5857	80.5735	1.0000
09:44:44.2	10.1246	1.4928	33.7486	79.6143	1.0000
09:44:45.2	10.1246	1.4868	33.7486	79.2946	1.0000
09:44:46.2	10.1612	1.4808	33.8707	78.9748	1.0000
09:44:47.2	10.2101	1.4928	34.0335	79.6143	1.0000
09:44:48.2	10.2467	1.4868	34.1557	79.2946	1.0000
09:44:54.2	10.4421	-0.0300	34.8070	-1.5987	1.0000
09:44:50.2	10.4665	-0.0240	34.8885	-1.2789	1.0000
09:44:51.2	10.4665	-0.0300	34.8885	-1.5987	1.0000
09:44:52.2	10.4665	-0.0180	34.8885	-0.9592	1.0000
09:44:53.2	10.4665	-0.0300	34.8885	-1.5987	1.0000
09:44:49.2	10.4787	-0.0300	34.9292	-1.5987	1.0000
09:44:55.2	10.4910	-0.0120	34.9699	-0.6395	1.0000
09:45:00.2	10.6742	0.0000	35.5805	0.0000	1.0000
09:44:59.2	10.6864	-0.0060	35.6212	-0.3197	1.0000
09:44:56.2	10.7230	0.0180	35.7434	0.9592	1.0000
09:44:57.2	10.7230	0.0180	35.7434	0.9592	1.0000
09:44:58.2	10.7230	0.0120	35.7434	0.6395	1.0000
09:45:01.2	10.7230	0.0000	35.7434	0.0000	1.0000
Data End	

