 ---------------------------------------------------------------
 Surface and Strip Forces by surface

  Forces referred to Sref, Cref, Bref about Xref, Yref, Zref
 Standard axis orientation,  X fwd, Z down         

  Surface # 1     Wing                                    
     # Chordwise = 20   # Spanwise =100     First strip =  1
     Surface area =    0.050178       Ave. chord =    0.131700
     CLsurf  =   0.15714     Clsurf  =  -0.06834
     CYsurf  =   0.00034     Cmsurf  =  -0.13141
     CDsurf  =   0.00564     Cnsurf  =  -0.00010
     CDisurf =   0.00277     CDvsurf =   0.00288

  Forces referred to Ssurf, Cave about hinge axis thru LE
     CLsurf  =   0.31429     CDsurf  =   0.01129
     Deflect =

 Strip Forces referred to Strip Area, Chord
    j      Yle    Chord     Area     c cl      ai      cl_norm  cl       cd       cdv    cm_c/4    cm_LE  C.P.x/c
     1   0.0000   0.1756   0.0000   0.0509   0.0271   0.2971   0.2772   0.3810   0.0062  -0.0575  -0.1237    0.457
     2   0.0002   0.1756   0.0000   0.0509   0.0275   0.3095   0.2888   0.0518   0.0062  -0.0575  -0.1237    0.449
     3   0.0006   0.1755   0.0001   0.0509   0.0280   0.3106   0.2898   0.0255   0.0062  -0.0575  -0.1237    0.448
     4   0.0012   0.1753   0.0001   0.0509   0.0285   0.3111   0.2902   0.0203   0.0062  -0.0574  -0.1238    0.448
     5   0.0019   0.1752   0.0001   0.0509   0.0290   0.3115   0.2907   0.0173   0.0062  -0.0574  -0.1238    0.447
     6   0.0028   0.1749   0.0002   0.0510   0.0294   0.3121   0.2912   0.0138   0.0062  -0.0573  -0.1238    0.447
     7   0.0040   0.1747   0.0002   0.0510   0.0298   0.3125   0.2916   0.0144   0.0062  -0.0572  -0.1237    0.446
     8   0.0053   0.1744   0.0002   0.0510   0.0301   0.3131   0.2922   0.0141   0.0062  -0.0570  -0.1237    0.445
     9   0.0068   0.1740   0.0003   0.0510   0.0304   0.3138   0.2928   0.0139   0.0062  -0.0568  -0.1237    0.444
    10   0.0084   0.1737   0.0003   0.0510   0.0307   0.3144   0.2933   0.0182   0.0062  -0.0566  -0.1236    0.443
    11   0.0103   0.1732   0.0003   0.0510   0.0310   0.3153   0.2942   0.0164   0.0061  -0.0563  -0.1236    0.441
    12   0.0123   0.1728   0.0004   0.0510   0.0313   0.3162   0.2950   0.0154   0.0061  -0.0561  -0.1235    0.440
    13   0.0145   0.1723   0.0004   0.0510   0.0315   0.3171   0.2959   0.0164   0.0061  -0.0558  -0.1235    0.439
    14   0.0169   0.1717   0.0004   0.0510   0.0318   0.3182   0.2969   0.0153   0.0061  -0.0555  -0.1235    0.437
    15   0.0194   0.1711   0.0005   0.0510   0.0320   0.3194   0.2980   0.0145   0.0061  -0.0553  -0.1235    0.436
    16   0.0221   0.1705   0.0005   0.0510   0.0321   0.3206   0.2991   0.0139   0.0061  -0.0550  -0.1235    0.434
    17   0.0250   0.1698   0.0005   0.0510   0.0323   0.3217   0.3002   0.0154   0.0061  -0.0548  -0.1235    0.432
    18   0.0281   0.1691   0.0005   0.0510   0.0325   0.3230   0.3014   0.0156   0.0061  -0.0545  -0.1236    0.431
    19   0.0313   0.1684   0.0006   0.0510   0.0326   0.3244   0.3027   0.0133   0.0061  -0.0543  -0.1236    0.429
    20   0.0346   0.1676   0.0006   0.0510   0.0327   0.3259   0.3041   0.0107   0.0061  -0.0541  -0.1237    0.428
    21   0.0382   0.1668   0.0006   0.0509   0.0328   0.3275   0.3055   0.0062   0.0061  -0.0538  -0.1238    0.426
    22   0.0418   0.1660   0.0006   0.0509   0.0329   0.3289   0.3069   0.0068   0.0061  -0.0536  -0.1240    0.425
    23   0.0456   0.1651   0.0006   0.0509   0.0329   0.3304   0.3083   0.0058   0.0061  -0.0534  -0.1241    0.423
    24   0.0496   0.1642   0.0007   0.0508   0.0330   0.3317   0.3094   0.0126   0.0061  -0.0533  -0.1243    0.422
    25   0.0537   0.1632   0.0007   0.0507   0.0330   0.3333   0.3110   0.0089   0.0061  -0.0531  -0.1244    0.421
    26   0.0579   0.1623   0.0007   0.0507   0.0330   0.3348   0.3124   0.0105   0.0061  -0.0529  -0.1246    0.419
    27   0.0623   0.1612   0.0007   0.0506   0.0330   0.3363   0.3137   0.0134   0.0060  -0.0527  -0.1248    0.418
    28   0.0668   0.1602   0.0007   0.0505   0.0330   0.3380   0.3154   0.0091   0.0060  -0.0526  -0.1250    0.417
    29   0.0714   0.1591   0.0007   0.0504   0.0330   0.3395   0.3167   0.0115   0.0060  -0.0525  -0.1252    0.416
    30   0.0761   0.1581   0.0008   0.0503   0.0330   0.3410   0.3182   0.0120   0.0060  -0.0523  -0.1254    0.414
    31   0.0810   0.1569   0.0008   0.0502   0.0329   0.3427   0.3198   0.0081   0.0060  -0.0522  -0.1257    0.413
    32   0.0859   0.1558   0.0008   0.0500   0.0329   0.3443   0.3212   0.0089   0.0060  -0.0521  -0.1259    0.412
    33   0.0910   0.1546   0.0008   0.0499   0.0328   0.3457   0.3226   0.0114   0.0060  -0.0520  -0.1262    0.411
    34   0.0961   0.1535   0.0008   0.0497   0.0328   0.3473   0.3240   0.0100   0.0060  -0.0519  -0.1264    0.410
    35   0.1014   0.1522   0.0008   0.0495   0.0327   0.3487   0.3254   0.0108   0.0060  -0.0518  -0.1267    0.409
    36   0.1067   0.1510   0.0008   0.0493   0.0326   0.3502   0.3268   0.0102   0.0059  -0.0517  -0.1269    0.408
    37   0.1121   0.1498   0.0008   0.0491   0.0326   0.3517   0.3281   0.0109   0.0059  -0.0516  -0.1271    0.407
    38   0.1176   0.1485   0.0008   0.0489   0.0325   0.3531   0.3294   0.0105   0.0059  -0.0515  -0.1274    0.406
    39   0.1232   0.1472   0.0008   0.0487   0.0324   0.3546   0.3308   0.0073   0.0059  -0.0515  -0.1276    0.406
    40   0.1288   0.1459   0.0008   0.0484   0.0324   0.3556   0.3318   0.0136   0.0059  -0.0514  -0.1278    0.405
    41   0.1345   0.1446   0.0008   0.0482   0.0323   0.3570   0.3331   0.0108   0.0059  -0.0513  -0.1280    0.404
    42   0.1402   0.1433   0.0008   0.0479   0.0322   0.3582   0.3342   0.0125   0.0059  -0.0512  -0.1282    0.403
    43   0.1460   0.1419   0.0008   0.0476   0.0322   0.3593   0.3352   0.0132   0.0058  -0.0512  -0.1284    0.403
    44   0.1519   0.1406   0.0008   0.0473   0.0321   0.3605   0.3363   0.0117   0.0058  -0.0511  -0.1286    0.402
    45   0.1577   0.1392   0.0008   0.0470   0.0321   0.3615   0.3373   0.0102   0.0058  -0.0510  -0.1287    0.401
    46   0.1637   0.1379   0.0008   0.0466   0.0320   0.3624   0.3381   0.0134   0.0058  -0.0509  -0.1289    0.401
    47   0.1696   0.1365   0.0008   0.0463   0.0320   0.3633   0.3390   0.0121   0.0058  -0.0508  -0.1290    0.400
    48   0.1756   0.1351   0.0008   0.0459   0.0320   0.3641   0.3397   0.0114   0.0058  -0.0507  -0.1291    0.399
    49   0.1815   0.1338   0.0008   0.0455   0.0320   0.3649   0.3404   0.0109   0.0058  -0.0507  -0.1291    0.399
    50   0.1875   0.1324   0.0008   0.0451   0.0321   0.3654   0.3409   0.0130   0.0057  -0.0506  -0.1292    0.398
    51   0.1935   0.1310   0.0008   0.0447   0.0321   0.3659   0.3414   0.0136   0.0057  -0.0504  -0.1292    0.398
    52   0.1995   0.1296   0.0008   0.0443   0.0322   0.3663   0.3417   0.0139   0.0057  -0.0503  -0.1291    0.397
    53   0.2054   0.1283   0.0008   0.0439   0.0322   0.3666   0.3420   0.0135   0.0057  -0.0502  -0.1291    0.397
    54   0.2114   0.1269   0.0008   0.0434   0.0324   0.3669   0.3424   0.0086   0.0057  -0.0501  -0.1291    0.396
    55   0.2173   0.1255   0.0007   0.0430   0.0325   0.3669   0.3423   0.0106   0.0057  -0.0500  -0.1289    0.396
    56   0.2233   0.1242   0.0007   0.0425   0.0327   0.3668   0.3422   0.0103   0.0056  -0.0499  -0.1288    0.396
    57   0.2291   0.1228   0.0007   0.0420   0.0328   0.3666   0.3420   0.0103   0.0056  -0.0497  -0.1286    0.395
    58   0.2350   0.1215   0.0007   0.0415   0.0331   0.3661   0.3416   0.0112   0.0056  -0.0495  -0.1283    0.395
    59   0.2408   0.1201   0.0007   0.0410   0.0333   0.3656   0.3411   0.0102   0.0056  -0.0494  -0.1281    0.395
    60   0.2465   0.1188   0.0007   0.0404   0.0336   0.3648   0.3404   0.0108   0.0056  -0.0492  -0.1277    0.394
    61   0.2522   0.1175   0.0007   0.0399   0.0340   0.3639   0.3396   0.0095   0.0055  -0.0490  -0.1273    0.394
    62   0.2578   0.1162   0.0007   0.0393   0.0343   0.3627   0.3384   0.0116   0.0055  -0.0487  -0.1269    0.394
    63   0.2634   0.1149   0.0006   0.0387   0.0347   0.3614   0.3372   0.0113   0.0055  -0.0485  -0.1263    0.394
    64   0.2689   0.1136   0.0006   0.0381   0.0352   0.3598   0.3357   0.0104   0.0055  -0.0482  -0.1257    0.394
    65   0.2743   0.1124   0.0006   0.0375   0.0357   0.3580   0.3341   0.0095   0.0055  -0.0479  -0.1250    0.394
    66   0.2796   0.1112   0.0006   0.0369   0.0363   0.3559   0.3321   0.0109   0.0055  -0.0476  -0.1243    0.393
    67   0.2849   0.1099   0.0006   0.0363   0.0369   0.3536   0.3300   0.0081   0.0054  -0.0473  -0.1234    0.393
    68   0.2900   0.1088   0.0006   0.0356   0.0375   0.3510   0.3275   0.0074   0.0054  -0.0469  -0.1225    0.393
    69   0.2951   0.1076   0.0005   0.0349   0.0382   0.3478   0.3245   0.0136   0.0054  -0.0465  -0.1214    0.393
    70   0.3000   0.1065   0.0005   0.0342   0.0390   0.3446   0.3215   0.0109   0.0054  -0.0460  -0.1202    0.393
    71   0.3049   0.1053   0.0005   0.0335   0.0398   0.3409   0.3181   0.0106   0.0054  -0.0455  -0.1190    0.393
    72   0.3096   0.1043   0.0005   0.0328   0.0407   0.3369   0.3144   0.0092   0.0053  -0.0450  -0.1176    0.393
    73   0.3142   0.1032   0.0005   0.0320   0.0417   0.3325   0.3102   0.0098   0.0053  -0.0444  -0.1160    0.393
    74   0.3187   0.1022   0.0005   0.0312   0.0427   0.3275   0.3056   0.0125   0.0053  -0.0438  -0.1144    0.393
    75   0.3231   0.1011   0.0004   0.0304   0.0438   0.3222   0.3007   0.0119   0.0053  -0.0431  -0.1125    0.393
    76   0.3273   0.1002   0.0004   0.0296   0.0449   0.3165   0.2954   0.0093   0.0053  -0.0424  -0.1105    0.393
    77   0.3314   0.0992   0.0004   0.0287   0.0461   0.3103   0.2895   0.0091   0.0052  -0.0416  -0.1084    0.394
    78   0.3354   0.0983   0.0004   0.0278   0.0473   0.3034   0.2831   0.0110   0.0052  -0.0407  -0.1061    0.394
    79   0.3392   0.0974   0.0004   0.0269   0.0486   0.2961   0.2763   0.0110   0.0052  -0.0398  -0.1035    0.394
    80   0.3428   0.0966   0.0003   0.0260   0.0500   0.2882   0.2689   0.0127   0.0052  -0.0388  -0.1008    0.394
    81   0.3464   0.0958   0.0003   0.0250   0.0514   0.2798   0.2611   0.0101   0.0052  -0.0377  -0.0979    0.394
    82   0.3497   0.0950   0.0003   0.0240   0.0528   0.2709   0.2527   0.0081   0.0052  -0.0365  -0.0948    0.394
    83   0.3529   0.0943   0.0003   0.0230   0.0543   0.2611   0.2437   0.0098   0.0052  -0.0353  -0.0915    0.395
    84   0.3560   0.0936   0.0003   0.0219   0.0558   0.2509   0.2341   0.0096   0.0052  -0.0339  -0.0880    0.395
    85   0.3589   0.0929   0.0003   0.0208   0.0574   0.2401   0.2240   0.0059   0.0052  -0.0325  -0.0842    0.395
    86   0.3616   0.0923   0.0002   0.0197   0.0589   0.2283   0.2130   0.0126   0.0051  -0.0310  -0.0802    0.396
    87   0.3641   0.0917   0.0002   0.0185   0.0605   0.2162   0.2017   0.0100   0.0052  -0.0295  -0.0760    0.396
    88   0.3665   0.0911   0.0002   0.0173   0.0621   0.2035   0.1898   0.0078   0.0052  -0.0278  -0.0716    0.396
    89   0.3687   0.0906   0.0002   0.0161   0.0637   0.1900   0.1773   0.0074   0.0052  -0.0260  -0.0669    0.397
    90   0.3707   0.0902   0.0002   0.0148   0.0653   0.1759   0.1642   0.0076   0.0052  -0.0242  -0.0621    0.397
    91   0.3726   0.0897   0.0002   0.0135   0.0668   0.1613   0.1505   0.0072   0.0052  -0.0222  -0.0570    0.398
    92   0.3742   0.0894   0.0001   0.0122   0.0684   0.1460   0.1362   0.0087   0.0052  -0.0202  -0.0517    0.398
    93   0.3757   0.0890   0.0001   0.0108   0.0698   0.1303   0.1216   0.0082   0.0052  -0.0181  -0.0462    0.399
    94   0.3770   0.0887   0.0001   0.0094   0.0712   0.1140   0.1064   0.0076   0.0053  -0.0159  -0.0405    0.400
    95   0.3782   0.0885   0.0001   0.0080   0.0726   0.0974   0.0908   0.0066   0.0053  -0.0137  -0.0346    0.400
    96   0.3791   0.0882   0.0001   0.0066   0.0738   0.0802   0.0749   0.0067   0.0054  -0.0113  -0.0286    0.401
    97   0.3798   0.0881   0.0001   0.0052   0.0750   0.0628   0.0586   0.0059   0.0054  -0.0089  -0.0224    0.402
    98   0.3804   0.0879   0.0000   0.0037   0.0760   0.0451   0.0421   0.0060   0.0055  -0.0064  -0.0161    0.403
    99   0.3808   0.0878   0.0000   0.0022   0.0767   0.0271   0.0253   0.0057   0.0055  -0.0039  -0.0097    0.403
   100   0.3810   0.0878   0.0000   0.0007   0.0771   0.0091   0.0085   0.0055   0.0056  -0.0013  -0.0033    0.403

  Surface # 2     Wing (YDUP)                             
     # Chordwise = 20   # Spanwise =100     First strip =101
     Surface area =    0.050178       Ave. chord =    0.131700
     CLsurf  =   0.15715     Clsurf  =   0.06834
     CYsurf  =  -0.00036     Cmsurf  =  -0.13141
     CDsurf  =   0.00557     Cnsurf  =   0.00015
     CDisurf =   0.00269     CDvsurf =   0.00288

  Forces referred to Ssurf, Cave about hinge axis thru LE
     CLsurf  =   0.31429     CDsurf  =   0.01114
     Deflect =

 Strip Forces referred to Strip Area, Chord
    j      Yle    Chord     Area     c cl      ai      cl_norm  cl       cd       cdv    cm_c/4    cm_LE  C.P.x/c
   101  -0.0000   0.1756   0.0000   0.0509   0.0271   0.2971   0.2772   0.3810   0.0062  -0.0575   0.1237    0.457
   102  -0.0002   0.1756   0.0000   0.0509   0.0275   0.3095   0.2888   0.0518   0.0062  -0.0575   0.1237    0.449
   103  -0.0006   0.1755   0.0001   0.0509   0.0280   0.3106   0.2898   0.0255   0.0062  -0.0575   0.1237    0.448
   104  -0.0012   0.1753   0.0001   0.0509   0.0285   0.3111   0.2903   0.0201   0.0062  -0.0575   0.1238    0.448
   105  -0.0019   0.1752   0.0001   0.0509   0.0290   0.3115   0.2907   0.0173   0.0062  -0.0574   0.1238    0.447
   106  -0.0028   0.1749   0.0002   0.0510   0.0294   0.3121   0.2912   0.0138   0.0062  -0.0573   0.1238    0.447
   107  -0.0040   0.1747   0.0002   0.0510   0.0298   0.3125   0.2916   0.0145   0.0062  -0.0572   0.1237    0.446
   108  -0.0053   0.1744   0.0002   0.0510   0.0301   0.3131   0.2922   0.0141   0.0062  -0.0570   0.1237    0.445
   109  -0.0068   0.1740   0.0003   0.0510   0.0304   0.3138   0.2928   0.0138   0.0062  -0.0568   0.1237    0.444
   110  -0.0084   0.1737   0.0003   0.0510   0.0307   0.3144   0.2933   0.0182   0.0062  -0.0566   0.1236    0.443
   111  -0.0103   0.1732   0.0003   0.0510   0.0310   0.3153   0.2942   0.0165   0.0061  -0.0563   0.1236    0.441
   112  -0.0123   0.1728   0.0004   0.0510   0.0313   0.3162   0.2950   0.0154   0.0061  -0.0561   0.1235    0.440
   113  -0.0145   0.1723   0.0004   0.0510   0.0315   0.3171   0.2959   0.0164   0.0061  -0.0558   0.1235    0.439
   114  -0.0169   0.1717   0.0004   0.0510   0.0318   0.3182   0.2969   0.0153   0.0061  -0.0555   0.1235    0.437
   115  -0.0194   0.1711   0.0005   0.0510   0.0320   0.3194   0.2980   0.0145   0.0061  -0.0553   0.1235    0.436
   116  -0.0221   0.1705   0.0005   0.0510   0.0321   0.3206   0.2991   0.0136   0.0061  -0.0550   0.1235    0.434
   117  -0.0250   0.1698   0.0005   0.0510   0.0323   0.3217   0.3002   0.0154   0.0061  -0.0548   0.1235    0.432
   118  -0.0281   0.1691   0.0005   0.0510   0.0325   0.3230   0.3014   0.0156   0.0061  -0.0545   0.1236    0.431
   119  -0.0313   0.1684   0.0006   0.0510   0.0326   0.3244   0.3027   0.0134   0.0061  -0.0543   0.1236    0.429
   120  -0.0346   0.1676   0.0006   0.0510   0.0327   0.3259   0.3041   0.0106   0.0061  -0.0541   0.1237    0.428
   121  -0.0382   0.1668   0.0006   0.0509   0.0328   0.3275   0.3055   0.0063   0.0061  -0.0538   0.1238    0.426
   122  -0.0418   0.1660   0.0006   0.0509   0.0329   0.3289   0.3069   0.0069   0.0061  -0.0536   0.1240    0.425
   123  -0.0456   0.1651   0.0006   0.0509   0.0329   0.3304   0.3083   0.0058   0.0061  -0.0534   0.1241    0.423
   124  -0.0496   0.1642   0.0007   0.0508   0.0330   0.3317   0.3095   0.0125   0.0061  -0.0533   0.1243    0.422
   125  -0.0537   0.1632   0.0007   0.0507   0.0330   0.3333   0.3110   0.0087   0.0061  -0.0531   0.1244    0.421
   126  -0.0579   0.1623   0.0007   0.0507   0.0330   0.3348   0.3124   0.0105   0.0061  -0.0529   0.1246    0.419
   127  -0.0623   0.1612   0.0007   0.0506   0.0330   0.3362   0.3137   0.0138   0.0060  -0.0527   0.1248    0.418
   128  -0.0668   0.1602   0.0007   0.0505   0.0330   0.3380   0.3154   0.0091   0.0060  -0.0526   0.1250    0.417
   129  -0.0714   0.1591   0.0007   0.0504   0.0330   0.3395   0.3167   0.0115   0.0060  -0.0525   0.1252    0.416
   130  -0.0761   0.1581   0.0008   0.0503   0.0330   0.3410   0.3182   0.0122   0.0060  -0.0523   0.1254    0.414
   131  -0.0810   0.1569   0.0008   0.0502   0.0329   0.3427   0.3198   0.0081   0.0060  -0.0522   0.1257    0.413
   132  -0.0859   0.1558   0.0008   0.0500   0.0329   0.3443   0.3212   0.0089   0.0060  -0.0521   0.1259    0.412
   133  -0.0910   0.1546   0.0008   0.0499   0.0328   0.3457   0.3226   0.0113   0.0060  -0.0520   0.1262    0.411
   134  -0.0961   0.1535   0.0008   0.0497   0.0328   0.3473   0.3240   0.0099   0.0060  -0.0519   0.1264    0.410
   135  -0.1014   0.1522   0.0008   0.0495   0.0327   0.3487   0.3254   0.0109   0.0060  -0.0518   0.1267    0.409
   136  -0.1067   0.1510   0.0008   0.0493   0.0326   0.3502   0.3268   0.0100   0.0059  -0.0517   0.1269    0.408
   137  -0.1121   0.1498   0.0008   0.0491   0.0326   0.3517   0.3281   0.0107   0.0059  -0.0516   0.1271    0.407
   138  -0.1176   0.1485   0.0008   0.0489   0.0325   0.3531   0.3294   0.0105   0.0059  -0.0515   0.1274    0.406
   139  -0.1232   0.1472   0.0008   0.0487   0.0324   0.3546   0.3308   0.0072   0.0059  -0.0515   0.1276    0.406
   140  -0.1288   0.1459   0.0008   0.0484   0.0324   0.3556   0.3318   0.0135   0.0059  -0.0514   0.1278    0.405
   141  -0.1345   0.1446   0.0008   0.0482   0.0323   0.3570   0.3331   0.0108   0.0059  -0.0513   0.1280    0.404
   142  -0.1402   0.1433   0.0008   0.0479   0.0322   0.3582   0.3342   0.0124   0.0059  -0.0512   0.1282    0.403
   143  -0.1460   0.1419   0.0008   0.0476   0.0322   0.3593   0.3353   0.0131   0.0058  -0.0512   0.1284    0.403
   144  -0.1519   0.1406   0.0008   0.0473   0.0321   0.3605   0.3363   0.0117   0.0058  -0.0511   0.1286    0.402
   145  -0.1577   0.1392   0.0008   0.0470   0.0321   0.3615   0.3373   0.0101   0.0058  -0.0510   0.1287    0.401
   146  -0.1637   0.1379   0.0008   0.0466   0.0320   0.3624   0.3381   0.0128   0.0058  -0.0509   0.1289    0.401
   147  -0.1696   0.1365   0.0008   0.0463   0.0320   0.3633   0.3390   0.0119   0.0058  -0.0508   0.1290    0.400
   148  -0.1756   0.1351   0.0008   0.0459   0.0320   0.3641   0.3397   0.0114   0.0058  -0.0507   0.1291    0.399
   149  -0.1815   0.1338   0.0008   0.0455   0.0320   0.3649   0.3405   0.0100   0.0058  -0.0507   0.1291    0.399
   150  -0.1875   0.1324   0.0008   0.0451   0.0321   0.3654   0.3409   0.0129   0.0057  -0.0506   0.1292    0.398
   151  -0.1935   0.1310   0.0008   0.0447   0.0321   0.3659   0.3414   0.0135   0.0057  -0.0504   0.1292    0.398
   152  -0.1995   0.1296   0.0008   0.0443   0.0322   0.3663   0.3418   0.0137   0.0057  -0.0503   0.1291    0.397
   153  -0.2054   0.1283   0.0008   0.0439   0.0322   0.3666   0.3420   0.0134   0.0057  -0.0502   0.1291    0.397
   154  -0.2114   0.1269   0.0008   0.0434   0.0324   0.3669   0.3424   0.0085   0.0057  -0.0501   0.1291    0.396
   155  -0.2173   0.1255   0.0007   0.0430   0.0325   0.3669   0.3423   0.0103   0.0057  -0.0500   0.1289    0.396
   156  -0.2233   0.1242   0.0007   0.0425   0.0327   0.3668   0.3422   0.0102   0.0056  -0.0499   0.1288    0.396
   157  -0.2291   0.1228   0.0007   0.0420   0.0328   0.3666   0.3420   0.0102   0.0056  -0.0497   0.1286    0.395
   158  -0.2350   0.1215   0.0007   0.0415   0.0331   0.3661   0.3416   0.0113   0.0056  -0.0495   0.1283    0.395
   159  -0.2408   0.1201   0.0007   0.0410   0.0333   0.3656   0.3411   0.0096   0.0056  -0.0494   0.1281    0.395
   160  -0.2465   0.1188   0.0007   0.0404   0.0336   0.3649   0.3404   0.0095   0.0056  -0.0492   0.1277    0.394
   161  -0.2522   0.1175   0.0007   0.0399   0.0340   0.3639   0.3396   0.0091   0.0055  -0.0490   0.1273    0.394
   162  -0.2578   0.1162   0.0007   0.0393   0.0343   0.3627   0.3384   0.0113   0.0055  -0.0487   0.1269    0.394
   163  -0.2634   0.1149   0.0006   0.0387   0.0347   0.3614   0.3372   0.0111   0.0055  -0.0485   0.1263    0.394
   164  -0.2689   0.1136   0.0006   0.0381   0.0352   0.3599   0.3358   0.0096   0.0055  -0.0482   0.1257    0.394
   165  -0.2743   0.1124   0.0006   0.0375   0.0357   0.3580   0.3341   0.0097   0.0055  -0.0479   0.1250    0.394
   166  -0.2796   0.1112   0.0006   0.0369   0.0363   0.3559   0.3321   0.0107   0.0055  -0.0476   0.1243    0.393
   167  -0.2849   0.1099   0.0006   0.0363   0.0369   0.3536   0.3300   0.0080   0.0054  -0.0473   0.1234    0.393
   168  -0.2900   0.1088   0.0006   0.0356   0.0375   0.3510   0.3275   0.0070   0.0054  -0.0469   0.1225    0.393
   169  -0.2951   0.1076   0.0005   0.0349   0.0382   0.3478   0.3245   0.0131   0.0054  -0.0465   0.1214    0.393
   170  -0.3000   0.1065   0.0005   0.0342   0.0390   0.3446   0.3215   0.0103   0.0054  -0.0460   0.1202    0.393
   171  -0.3049   0.1053   0.0005   0.0335   0.0398   0.3409   0.3181   0.0104   0.0054  -0.0455   0.1190    0.393
   172  -0.3096   0.1043   0.0005   0.0328   0.0407   0.3369   0.3144   0.0088   0.0053  -0.0450   0.1176    0.393
   173  -0.3142   0.1032   0.0005   0.0320   0.0417   0.3325   0.3102   0.0097   0.0053  -0.0444   0.1160    0.393
   174  -0.3187   0.1022   0.0005   0.0312   0.0427   0.3275   0.3056   0.0123   0.0053  -0.0438   0.1144    0.393
   175  -0.3231   0.1011   0.0004   0.0304   0.0438   0.3222   0.3006   0.0121   0.0053  -0.0431   0.1125    0.393
   176  -0.3273   0.1002   0.0004   0.0296   0.0449   0.3165   0.2954   0.0093   0.0053  -0.0424   0.1105    0.393
   177  -0.3314   0.0992   0.0004   0.0287   0.0461   0.3103   0.2895   0.0091   0.0052  -0.0416   0.1084    0.394
   178  -0.3354   0.0983   0.0004   0.0278   0.0473   0.3034   0.2831   0.0111   0.0052  -0.0407   0.1061    0.394
   179  -0.3392   0.0974   0.0004   0.0269   0.0486   0.2961   0.2763   0.0109   0.0052  -0.0398   0.1035    0.394
   180  -0.3428   0.0966   0.0003   0.0260   0.0500   0.2882   0.2689   0.0125   0.0052  -0.0388   0.1008    0.394
   181  -0.3464   0.0958   0.0003   0.0250   0.0514   0.2798   0.2611   0.0096   0.0052  -0.0377   0.0979    0.394
   182  -0.3497   0.0950   0.0003   0.0240   0.0528   0.2709   0.2527   0.0079   0.0052  -0.0365   0.0948    0.394
   183  -0.3529   0.0943   0.0003   0.0230   0.0543   0.2612   0.2437   0.0093   0.0052  -0.0353   0.0915    0.395
   184  -0.3560   0.0936   0.0003   0.0219   0.0558   0.2509   0.2341   0.0095   0.0052  -0.0339   0.0880    0.395
   185  -0.3589   0.0929   0.0003   0.0208   0.0574   0.2401   0.2240   0.0057   0.0052  -0.0325   0.0842    0.395
   186  -0.3616   0.0923   0.0002   0.0197   0.0589   0.2283   0.2130   0.0122   0.0051  -0.0310   0.0802    0.396
   187  -0.3641   0.0917   0.0002   0.0185   0.0605   0.2162   0.2017   0.0106   0.0052  -0.0295   0.0760    0.396
   188  -0.3665   0.0911   0.0002   0.0173   0.0621   0.2035   0.1898   0.0078   0.0052  -0.0278   0.0716    0.396
   189  -0.3687   0.0906   0.0002   0.0161   0.0637   0.1900   0.1773   0.0069   0.0052  -0.0260   0.0669    0.397
   190  -0.3707   0.0902   0.0002   0.0148   0.0653   0.1760   0.1642   0.0074   0.0052  -0.0242   0.0621    0.397
   191  -0.3726   0.0897   0.0002   0.0135   0.0668   0.1613   0.1505   0.0071   0.0052  -0.0222   0.0570    0.398
   192  -0.3742   0.0894   0.0001   0.0122   0.0683   0.1460   0.1362   0.0086   0.0052  -0.0202   0.0517    0.398
   193  -0.3757   0.0890   0.0001   0.0108   0.0698   0.1303   0.1216   0.0082   0.0052  -0.0181   0.0462    0.399
   194  -0.3770   0.0887   0.0001   0.0094   0.0712   0.1140   0.1064   0.0075   0.0053  -0.0159   0.0405    0.400
   195  -0.3782   0.0885   0.0001   0.0080   0.0726   0.0974   0.0908   0.0066   0.0053  -0.0137   0.0346    0.400
   196  -0.3791   0.0882   0.0001   0.0066   0.0738   0.0803   0.0749   0.0065   0.0054  -0.0113   0.0286    0.401
   197  -0.3798   0.0881   0.0001   0.0052   0.0750   0.0628   0.0586   0.0059   0.0054  -0.0089   0.0224    0.402
   198  -0.3804   0.0879   0.0000   0.0037   0.0760   0.0451   0.0421   0.0059   0.0055  -0.0064   0.0161    0.403
   199  -0.3808   0.0878   0.0000   0.0022   0.0767   0.0271   0.0253   0.0058   0.0055  -0.0039   0.0097    0.403
   200  -0.3810   0.0878   0.0000   0.0007   0.0771   0.0091   0.0085   0.0055   0.0056  -0.0013   0.0033    0.403
 ---------------------------------------------------------------
