#    s        x        y     Ue/Vinf    Dstar     Theta      Cf       H
   0.00000  1.00000  0.00157  0.86599  0.008359  0.004047  0.000751     2.066
   0.00312  0.99698  0.00234  0.87046  0.008058  0.003963  0.000806     2.033
   0.00803  0.99220  0.00350  0.87806  0.007589  0.003827  0.000903     1.983
   0.01326  0.98711  0.00471  0.88587  0.007161  0.003694  0.001000     1.938
   0.01881  0.98172  0.00600  0.89459  0.006731  0.003554  0.001111     1.894
   0.02467  0.97602  0.00736  0.90387  0.006322  0.003413  0.001230     1.852
   0.03083  0.97002  0.00878  0.91333  0.005948  0.003277  0.001351     1.815
   0.03730  0.96372  0.01024  0.92302  0.005604  0.003146  0.001475     1.781
   0.04406  0.95714  0.01176  0.93284  0.005287  0.003020  0.001602     1.751
   0.05108  0.95029  0.01333  0.94266  0.004998  0.002900  0.001729     1.724
   0.05835  0.94320  0.01494  0.95244  0.004735  0.002786  0.001856     1.700
   0.06582  0.93591  0.01657  0.96189  0.004501  0.002681  0.001978     1.679
   0.07347  0.92845  0.01823  0.97136  0.004282  0.002580  0.002103     1.660
   0.08126  0.92083  0.01991  0.98065  0.004082  0.002485  0.002225     1.643
   0.08918  0.91310  0.02159  0.98945  0.003905  0.002399  0.002341     1.628
   0.09720  0.90526  0.02328  0.99806  0.003741  0.002317  0.002455     1.615
   0.10531  0.89733  0.02496  1.00620  0.003595  0.002242  0.002563     1.604
   0.11349  0.88932  0.02664  1.01405  0.003460  0.002171  0.002667     1.594
   0.12173  0.88125  0.02832  1.02153  0.003337  0.002105  0.002766     1.585
   0.13003  0.87312  0.02998  1.02874  0.003223  0.002043  0.002863     1.577
   0.13837  0.86495  0.03164  1.03589  0.003114  0.001983  0.002960     1.570
   0.14673  0.85675  0.03329  1.04270  0.003013  0.001927  0.003052     1.563
   0.15512  0.84852  0.03492  1.04948  0.002916  0.001873  0.003146     1.557
   0.16352  0.84028  0.03653  1.05575  0.002829  0.001822  0.003233     1.552
   0.17193  0.83203  0.03813  1.06200  0.002744  0.001773  0.003320     1.547
   0.18035  0.82375  0.03971  1.06799  0.002664  0.001727  0.003405     1.543
   0.18878  0.81547  0.04127  1.07392  0.002587  0.001682  0.003491     1.538
   0.19722  0.80717  0.04282  1.07946  0.002517  0.001639  0.003570     1.535
   0.20567  0.79886  0.04434  1.08509  0.002446  0.001598  0.003653     1.531
   0.21412  0.79054  0.04585  1.09040  0.002381  0.001558  0.003732     1.528
   0.22258  0.78222  0.04734  1.09575  0.002316  0.001519  0.003814     1.525
   0.23104  0.77388  0.04882  1.10098  0.002253  0.001481  0.003895     1.522
   0.23950  0.76555  0.05027  1.10612  0.002193  0.001444  0.003977     1.519
   0.24796  0.75722  0.05170  1.11113  0.002134  0.001408  0.004057     1.516
   0.25641  0.74888  0.05312  1.11595  0.002078  0.001373  0.004137     1.514
   0.26487  0.74054  0.05451  1.12076  0.002023  0.001339  0.004217     1.511
   0.27333  0.73220  0.05589  1.12559  0.001969  0.001305  0.004301     1.509
   0.28178  0.72385  0.05725  1.13014  0.001918  0.001273  0.004381     1.506
   0.29024  0.71550  0.05858  1.13470  0.001867  0.001241  0.004463     1.504
   0.29869  0.70715  0.05990  1.13921  0.001817  0.001210  0.004546     1.502
   0.30714  0.69880  0.06120  1.14368  0.001768  0.001179  0.004631     1.500
   0.31559  0.69044  0.06247  1.14808  0.001720  0.001148  0.004716     1.498
   0.32404  0.68209  0.06373  1.15241  0.001673  0.001119  0.004802     1.496
   0.33248  0.67374  0.06497  1.15667  0.001627  0.001089  0.004889     1.494
   0.34092  0.66539  0.06618  1.16106  0.001581  0.001060  0.004981     1.491
   0.34936  0.65704  0.06738  1.16514  0.001537  0.001032  0.005068     1.490
   0.35779  0.64869  0.06855  1.16921  0.001494  0.001004  0.005155     1.488
   0.36621  0.64035  0.06970  1.17350  0.001450  0.000975  0.005250     1.487
   0.37463  0.63201  0.07083  1.17740  0.001408  0.000948  0.005336     1.486
   0.38304  0.62367  0.07194  1.18142  0.001367  0.000921  0.005424     1.485
   0.39144  0.61533  0.07302  1.18523  0.001328  0.000894  0.005505     1.485
   0.39984  0.60700  0.07409  1.18918  0.001289  0.000868  0.005587     1.485
   0.40824  0.59867  0.07513  1.19279  0.001252  0.000842  0.005654     1.487
   0.41663  0.59034  0.07615  1.19662  0.001216  0.000816  0.005718     1.490
   0.42501  0.58202  0.07714  1.20008  0.001182  0.000791  0.005758     1.495
   0.43339  0.57370  0.07812  1.20353  0.001151  0.000766  0.005778     1.502
   0.44176  0.56538  0.07906  1.20680  0.001123  0.000743  0.005762     1.513
   0.45013  0.55707  0.07999  1.21006  0.001099  0.000719  0.005703     1.528
   0.45848  0.54876  0.08089  1.21320  0.001080  0.000696  0.005578     1.551
   0.46682  0.54047  0.08177  1.21581  0.001071  0.000676  0.005348     1.585
   0.47515  0.53218  0.08262  1.21870  0.001071  0.000655  0.005001     1.635
   0.48347  0.52390  0.08344  1.22148  0.001089  0.000637  0.004474     1.711
   0.49177  0.51564  0.08424  1.22479  0.001133  0.000619  0.003731     1.831
   0.50006  0.50739  0.08502  1.23019  0.001212  0.000600  0.002777     2.022
   0.50834  0.49914  0.08576  1.24019  0.001337  0.000574  0.001727     2.328
   0.51661  0.49090  0.08648  1.25676  0.001498  0.000538  0.000841     2.783
   0.52487  0.48267  0.08717  1.27671  0.001657  0.000497  0.000327     3.336
   0.53313  0.47444  0.08784  1.28434  0.001754  0.000481  0.000131     3.649
   0.54137  0.46622  0.08847  1.28650  0.001797  0.000476  0.000068     3.775
   0.54960  0.45801  0.08908  1.28901  0.001809  0.000470  0.000038     3.845
   0.55781  0.44982  0.08966  1.29171  0.001800  0.000465  0.000028     3.872
   0.56600  0.44165  0.09021  1.29454  0.001774  0.000459  0.000031     3.864
   0.57416  0.43351  0.09074  1.29747  0.001737  0.000453  0.000045     3.835
   0.58229  0.42539  0.09123  1.30054  0.001690  0.000447  0.000072     3.781
   0.59039  0.41731  0.09168  1.30373  0.001638  0.000441  0.000107     3.717
   0.59845  0.40926  0.09210  1.30704  0.001585  0.000434  0.000149     3.650
   0.60647  0.40125  0.09249  1.31049  0.001529  0.000428  0.000200     3.577
   0.61445  0.39327  0.09283  1.31405  0.001475  0.000421  0.000257     3.506
   0.62241  0.38532  0.09314  1.31770  0.001423  0.000414  0.000318     3.438
   0.63034  0.37740  0.09341  1.32140  0.001375  0.000407  0.000380     3.377
   0.63823  0.36951  0.09364  1.32519  0.001327  0.000400  0.000449     3.316
   0.64611  0.36164  0.09382  1.32900  0.001282  0.000393  0.000518     3.261
   0.65395  0.35379  0.09397  1.33278  0.001241  0.000386  0.000588     3.212
   0.66177  0.34597  0.09407  1.33654  0.001202  0.000379  0.000657     3.168
   0.66957  0.33817  0.09414  1.34034  0.001164  0.000373  0.000732     3.124
   0.67734  0.33040  0.09415  1.34392  0.001132  0.000366  0.000794     3.092
   0.68509  0.32265  0.09413  1.34760  0.001098  0.000359  0.000868     3.056
   0.69281  0.31493  0.09406  1.35109  0.001068  0.000353  0.000932     3.029
   0.70051  0.30724  0.09395  1.35460  0.001039  0.000346  0.001003     3.000
   0.70818  0.29957  0.09379  1.35797  0.001011  0.000340  0.001069     2.976
   0.71582  0.29193  0.09358  1.36129  0.000985  0.000334  0.001137     2.952
   0.72343  0.28432  0.09333  1.36454  0.000959  0.000327  0.001207     2.930
   0.73102  0.27674  0.09303  1.36763  0.000936  0.000321  0.001271     2.912
   0.73858  0.26919  0.09269  1.37067  0.000912  0.000315  0.001337     2.895
   0.74610  0.26168  0.09230  1.37364  0.000890  0.000309  0.001404     2.879
   0.75359  0.25420  0.09186  1.37661  0.000867  0.000303  0.001479     2.861
   0.76104  0.24677  0.09137  1.37928  0.000847  0.000297  0.001539     2.850
   0.76845  0.23938  0.09083  1.38216  0.000824  0.000291  0.001622     2.831
   0.77581  0.23203  0.09025  1.38472  0.000805  0.000285  0.001691     2.819
   0.78313  0.22474  0.08962  1.38734  0.000783  0.000279  0.001775     2.803
   0.79040  0.21751  0.08894  1.38971  0.000764  0.000274  0.001850     2.792
   0.79761  0.21033  0.08821  1.39194  0.000745  0.000268  0.001924     2.781
   0.80477  0.20322  0.08743  1.39419  0.000726  0.000262  0.002011     2.768
   0.81187  0.19617  0.08660  1.39615  0.000708  0.000257  0.002086     2.759
   0.81890  0.18919  0.08572  1.39816  0.000690  0.000251  0.002179     2.747
   0.82586  0.18229  0.08480  1.39988  0.000672  0.000246  0.002262     2.738
   0.83275  0.17547  0.08383  1.40141  0.000656  0.000240  0.002340     2.731
   0.83955  0.16875  0.08281  1.40288  0.000639  0.000235  0.002426     2.723
   0.84627  0.16212  0.08175  1.40410  0.000624  0.000229  0.002501     2.719
   0.85288  0.15559  0.08064  1.40548  0.000607  0.000224  0.002602     2.709
   0.85939  0.14919  0.07950  1.40670  0.000590  0.000218  0.002711     2.699
   0.86578  0.14291  0.07831  1.40765  0.000573  0.000213  0.002817     2.691
   0.87204  0.13676  0.07709  1.40836  0.000558  0.000208  0.002920     2.683
   0.87818  0.13076  0.07584  1.40898  0.000542  0.000203  0.003038     2.674
   0.88417  0.12491  0.07456  1.40931  0.000527  0.000198  0.003151     2.667
   0.89001  0.11921  0.07325  1.40926  0.000513  0.000193  0.003246     2.664
   0.89571  0.11367  0.07192  1.40936  0.000498  0.000188  0.003377     2.655
   0.90124  0.10831  0.07057  1.40916  0.000484  0.000183  0.003509     2.647
   0.90661  0.10312  0.06920  1.40832  0.000472  0.000178  0.003590     2.648
   0.91181  0.09810  0.06782  1.40785  0.000458  0.000173  0.003727     2.640
   0.91683  0.09328  0.06644  1.40673  0.000447  0.000169  0.003807     2.643
   0.92168  0.08863  0.06505  1.40608  0.000433  0.000164  0.003956     2.635
   0.92634  0.08418  0.06367  1.40514  0.000420  0.000160  0.004106     2.628
   0.93083  0.07991  0.06229  1.40383  0.000408  0.000156  0.004241     2.624
   0.93514  0.07582  0.06091  1.40274  0.000395  0.000151  0.004447     2.610
   0.93928  0.07191  0.05954  1.40057  0.000385  0.000147  0.004556     2.610
   0.94325  0.06818  0.05819  1.39883  0.000372  0.000143  0.004750     2.600
   0.94706  0.06462  0.05685  1.39638  0.000362  0.000139  0.004894     2.596
   0.95071  0.06122  0.05552  1.39381  0.000352  0.000136  0.005046     2.592
   0.95421  0.05798  0.05421  1.39125  0.000341  0.000132  0.005242     2.584
   0.95756  0.05489  0.05291  1.38832  0.000330  0.000128  0.005440     2.576
   0.96077  0.05194  0.05163  1.38480  0.000321  0.000125  0.005598     2.572
   0.96386  0.04913  0.05036  1.38136  0.000311  0.000121  0.005815     2.563
   0.96681  0.04645  0.04911  1.37713  0.000303  0.000118  0.005956     2.562
   0.96965  0.04389  0.04787  1.37303  0.000294  0.000115  0.006146     2.556
   0.97237  0.04146  0.04666  1.36852  0.000286  0.000112  0.006312     2.554
   0.97499  0.03913  0.04546  1.36388  0.000278  0.000109  0.006490     2.551
   0.97751  0.03691  0.04427  1.35908  0.000270  0.000106  0.006681     2.547
   0.97993  0.03479  0.04310  1.35425  0.000261  0.000103  0.006938     2.537
   0.98226  0.03277  0.04195  1.34914  0.000252  0.000100  0.007268     2.522
   0.98451  0.03083  0.04081  1.34241  0.000246  0.000097  0.007390     2.525
   0.98667  0.02899  0.03968  1.33672  0.000236  0.000094  0.007807     2.504
   0.98876  0.02722  0.03856  1.32904  0.000230  0.000092  0.008001     2.500
   0.99078  0.02554  0.03745  1.32089  0.000224  0.000090  0.008141     2.501
   0.99272  0.02392  0.03636  1.31323  0.000216  0.000087  0.008470     2.489
   0.99461  0.02238  0.03527  1.30416  0.000211  0.000085  0.008614     2.490
   0.99644  0.02090  0.03420  1.29517  0.000205  0.000082  0.008817     2.488
   0.99821  0.01949  0.03313  1.28598  0.000198  0.000080  0.009075     2.482
   0.99992  0.01814  0.03207  1.27647  0.000191  0.000077  0.009446     2.469
   1.00159  0.01685  0.03102  1.26595  0.000184  0.000075  0.009869     2.453
   1.00320  0.01562  0.02998  1.25364  0.000179  0.000073  0.010122     2.447
   1.00477  0.01444  0.02894  1.24084  0.000172  0.000071  0.010501     2.434
   1.00630  0.01332  0.02791  1.22640  0.000167  0.000069  0.010725     2.428
   1.00779  0.01224  0.02688  1.21139  0.000162  0.000067  0.011036     2.418
   1.00923  0.01122  0.02585  1.19518  0.000156  0.000065  0.011351     2.408
   1.01065  0.01025  0.02483  1.17745  0.000152  0.000063  0.011537     2.403
   1.01202  0.00932  0.02381  1.15939  0.000146  0.000061  0.012101     2.378
   1.01337  0.00844  0.02279  1.13692  0.000146  0.000060  0.011273     2.425
   1.01468  0.00760  0.02178  1.12064  0.000138  0.000058  0.012280     2.382
   1.01597  0.00681  0.02077  1.09839  0.000133  0.000056  0.012496     2.373
   1.01723  0.00606  0.01976  1.07462  0.000129  0.000055  0.012557     2.372
   1.01846  0.00536  0.01875  1.05028  0.000125  0.000053  0.012887     2.358
   1.01966  0.00470  0.01775  1.02343  0.000120  0.000051  0.013233     2.340
   1.02083  0.00408  0.01674  0.99353  0.000117  0.000050  0.012969     2.348
   1.02198  0.00351  0.01574  0.96413  0.000113  0.000048  0.013270     2.330
   1.02311  0.00299  0.01475  0.93156  0.000110  0.000047  0.013051     2.334
   1.02422  0.00250  0.01375  0.89806  0.000104  0.000046  0.013794     2.289
   1.02531  0.00206  0.01275  0.85768  0.000104  0.000045  0.013053     2.302
   1.02638  0.00167  0.01176  0.81865  0.000100  0.000044  0.013094     2.281
   1.02743  0.00131  0.01077  0.77623  0.000099  0.000043  0.012465     2.286
   1.02847  0.00100  0.00978  0.73389  0.000096  0.000042  0.012215     2.271
   1.02949  0.00072  0.00879  0.68902  0.000095  0.000042  0.011680     2.266
   1.03050  0.00049  0.00781  0.64304  0.000093  0.000041  0.011114     2.258
   1.03150  0.00030  0.00683  0.59665  0.000093  0.000041  0.010237     2.269
   1.03248  0.00014  0.00586  0.54956  0.000090  0.000040  0.010101     2.229
   1.03346  0.00002  0.00489  0.50001  0.000092  0.000040  0.008536     2.279
   1.03442 -0.00006  0.00393  0.45310  0.000087  0.000039  0.008675     2.214
   1.03538 -0.00011  0.00298  0.39979  0.000090  0.000040  0.007161     2.247
   1.03633 -0.00011  0.00202  0.35413  0.000089  0.000039  0.006174     2.287
   1.03728 -0.00008  0.00107  0.30355  0.000082  0.000037  0.006225     2.195
   1.03823 -0.00001  0.00013  0.24503  0.000088  0.000039  0.004518     2.232
   1.03918  0.00010 -0.00082  0.19579  0.000087  0.000039  0.003563     2.257
   1.04014  0.00025 -0.00176  0.14207  0.000085  0.000039  0.002831     2.183
   1.04110  0.00043 -0.00270  0.09052  0.000095  0.000042  0.001502     2.261
   1.04207  0.00066 -0.00365  0.04302  0.000083  0.000037  0.000836     2.230
   1.04305  0.00093 -0.00459 -0.01472  0.000083  0.000037  0.000286     2.230
   1.04405  0.00124 -0.00554 -0.06504  0.000094  0.000042  0.001111     2.244
   1.04507  0.00159 -0.00650 -0.11506  0.000090  0.000041  0.002114     2.210
   1.04610  0.00198 -0.00745 -0.16639  0.000092  0.000041  0.002908     2.246
   1.04715  0.00242 -0.00840 -0.21474  0.000094  0.000042  0.003681     2.239
   1.04822  0.00290 -0.00936 -0.26363  0.000095  0.000042  0.004521     2.234
   1.04931  0.00343 -0.01032 -0.30842  0.000099  0.000044  0.004897     2.264
   1.05042  0.00400 -0.01127 -0.35597  0.000097  0.000044  0.006030     2.220
   1.05156  0.00462 -0.01222 -0.40145  0.000101  0.000045  0.006282     2.264
   1.05271  0.00529 -0.01316 -0.44333  0.000104  0.000046  0.006770     2.262
   1.05389  0.00601 -0.01410 -0.48359  0.000107  0.000047  0.007152     2.267
   1.05510  0.00677 -0.01503 -0.52352  0.000109  0.000048  0.007658     2.262
   1.05633  0.00759 -0.01596 -0.55686  0.000117  0.000051  0.007314     2.308
   1.05759  0.00845 -0.01687 -0.59270  0.000116  0.000051  0.008169     2.263
   1.05888  0.00936 -0.01778 -0.62678  0.000121  0.000053  0.008162     2.287
   1.06019  0.01032 -0.01868 -0.65491  0.000128  0.000055  0.007798     2.322
   1.06153  0.01132 -0.01957 -0.68275  0.000131  0.000057  0.008067     2.307
   1.06291  0.01237 -0.02046 -0.71049  0.000134  0.000058  0.008226     2.304
   1.06431  0.01347 -0.02134 -0.73501  0.000140  0.000060  0.007989     2.327
   1.06575  0.01461 -0.02221 -0.75851  0.000145  0.000062  0.008010     2.327
   1.06722  0.01580 -0.02307 -0.78301  0.000147  0.000064  0.008256     2.314
   1.06873  0.01705 -0.02393 -0.80353  0.000155  0.000066  0.007838     2.346
   1.07028  0.01834 -0.02478 -0.82426  0.000158  0.000068  0.007915     2.339
   1.07187  0.01969 -0.02562 -0.84315  0.000164  0.000070  0.007717     2.352
   1.07351  0.02110 -0.02646 -0.86144  0.000169  0.000072  0.007645     2.355
   1.07520  0.02257 -0.02730 -0.87730  0.000177  0.000074  0.007328     2.375
   1.07695  0.02411 -0.02813 -0.89214  0.000183  0.000077  0.007135     2.383
   1.07875  0.02571 -0.02896 -0.90638  0.000190  0.000079  0.006996     2.387
   1.08062  0.02738 -0.02979 -0.92002  0.000196  0.000082  0.006860     2.391
   1.08255  0.02912 -0.03062 -0.93247  0.000203  0.000085  0.006645     2.401
   1.08454  0.03094 -0.03145 -0.94573  0.000208  0.000087  0.006652     2.392
   1.08661  0.03283 -0.03228 -0.95666  0.000217  0.000090  0.006328     2.413
   1.08876  0.03481 -0.03310 -0.96873  0.000222  0.000092  0.006334     2.404
   1.09099  0.03688 -0.03393 -0.97919  0.000230  0.000095  0.006098     2.417
   1.09330  0.03904 -0.03475 -0.98881  0.000239  0.000098  0.005882     2.428
   1.09570  0.04130 -0.03558 -0.99765  0.000247  0.000101  0.005673     2.438
   1.09820  0.04366 -0.03640 -1.00563  0.000257  0.000105  0.005453     2.450
   1.10080  0.04613 -0.03722 -1.01414  0.000264  0.000108  0.005382     2.446
   1.10351  0.04871 -0.03804 -1.02105  0.000274  0.000111  0.005127     2.462
   1.10634  0.05141 -0.03886 -1.02847  0.000282  0.000115  0.005033     2.460
   1.10929  0.05425 -0.03968 -1.03519  0.000292  0.000118  0.004870     2.467
   1.11236  0.05721 -0.04050 -1.04179  0.000301  0.000122  0.004741     2.470
   1.11558  0.06032 -0.04132 -1.04737  0.000312  0.000126  0.004536     2.483
   1.11895  0.06359 -0.04213 -1.05331  0.000321  0.000129  0.004436     2.483
   1.12247  0.06702 -0.04294 -1.05780  0.000335  0.000134  0.004204     2.500
   1.12615  0.07061 -0.04375 -1.06262  0.000345  0.000138  0.004088     2.503
   1.13001  0.07439 -0.04456 -1.06694  0.000357  0.000142  0.003942     2.509
   1.13405  0.07834 -0.04535 -1.07090  0.000370  0.000147  0.003798     2.517
   1.13827  0.08249 -0.04614 -1.07484  0.000381  0.000151  0.003687     2.519
   1.14269  0.08684 -0.04692 -1.07808  0.000395  0.000156  0.003532     2.529
   1.14731  0.09139 -0.04769 -1.08091  0.000410  0.000161  0.003385     2.539
   1.15212  0.09615 -0.04844 -1.08420  0.000421  0.000166  0.003313     2.536
   1.15714  0.10111 -0.04917 -1.08576  0.000440  0.000172  0.003100     2.560
   1.16236  0.10629 -0.04988 -1.08803  0.000453  0.000177  0.003017     2.559
   1.16779  0.11167 -0.05057 -1.08991  0.000468  0.000182  0.002910     2.565
   1.17343  0.11727 -0.05124 -1.09108  0.000486  0.000188  0.002770     2.578
   1.17926  0.12307 -0.05187 -1.09210  0.000502  0.000194  0.002655     2.586
   1.18529  0.12907 -0.05247 -1.09316  0.000518  0.000200  0.002569     2.589
   1.19151  0.13526 -0.05305 -1.09342  0.000538  0.000206  0.002438     2.604
   1.19791  0.14164 -0.05358 -1.09379  0.000555  0.000213  0.002349     2.610
   1.20448  0.14819 -0.05408 -1.09397  0.000572  0.000219  0.002262     2.616
   1.21121  0.15490 -0.05455 -1.09389  0.000591  0.000225  0.002171     2.624
   1.21809  0.16177 -0.05497 -1.09345  0.000611  0.000232  0.002075     2.635
   1.22511  0.16878 -0.05536 -1.09301  0.000629  0.000238  0.001997     2.641
   1.23226  0.17592 -0.05570 -1.09222  0.000649  0.000245  0.001910     2.652
   1.23953  0.18318 -0.05600 -1.09149  0.000668  0.000251  0.001842     2.658
   1.24691  0.19056 -0.05627 -1.09037  0.000689  0.000258  0.001760     2.670
   1.25440  0.19804 -0.05649 -1.08922  0.000710  0.000265  0.001690     2.679
   1.26198  0.20562 -0.05668 -1.08805  0.000730  0.000272  0.001629     2.686
   1.26965  0.21329 -0.05683 -1.08659  0.000751  0.000279  0.001559     2.697
   1.27740  0.22104 -0.05694 -1.08512  0.000772  0.000285  0.001498     2.706
   1.28522  0.22886 -0.05701 -1.08363  0.000793  0.000292  0.001444     2.714
   1.29311  0.23676 -0.05705 -1.08217  0.000813  0.000299  0.001397     2.720
   1.30107  0.24471 -0.05706 -1.08032  0.000836  0.000306  0.001332     2.734
   1.30909  0.25273 -0.05703 -1.07866  0.000857  0.000313  0.001287     2.741
   1.31716  0.26080 -0.05697 -1.07684  0.000879  0.000319  0.001237     2.751
   1.32528  0.26892 -0.05688 -1.07508  0.000900  0.000326  0.001195     2.759
   1.33346  0.27710 -0.05676 -1.07320  0.000922  0.000333  0.001149     2.769
   1.34168  0.28531 -0.05662 -1.07144  0.000943  0.000340  0.001114     2.775
   1.34994  0.29357 -0.05645 -1.06946  0.000966  0.000347  0.001068     2.787
   1.35824  0.30188 -0.05625 -1.06768  0.000986  0.000353  0.001039     2.791
   1.36659  0.31022 -0.05603 -1.06566  0.001010  0.000360  0.000996     2.804
   1.37497  0.31860 -0.05578 -1.06397  0.001028  0.000367  0.000975     2.805
   1.38339  0.32701 -0.05552 -1.06196  0.001052  0.000373  0.000936     2.818
   1.39184  0.33546 -0.05523 -1.06020  0.001072  0.000380  0.000913     2.821
   1.40033  0.34394 -0.05493 -1.05841  0.001092  0.000386  0.000888     2.826
   1.40884  0.35244 -0.05460 -1.05684  0.001109  0.000392  0.000875     2.825
   1.41737  0.36097 -0.05427 -1.05517  0.001128  0.000399  0.000854     2.829
   1.42592  0.36951 -0.05391 -1.05374  0.001143  0.000405  0.000846     2.825
   1.43448  0.37807 -0.05354 -1.05228  0.001159  0.000411  0.000833     2.824
   1.44306  0.38664 -0.05316 -1.05085  0.001176  0.000416  0.000820     2.824
   1.45164  0.39521 -0.05276 -1.04968  0.001188  0.000422  0.000819     2.817
   1.46022  0.40378 -0.05235 -1.04836  0.001204  0.000428  0.000806     2.817
   1.46880  0.41235 -0.05193 -1.04715  0.001219  0.000433  0.000799     2.814
   1.47738  0.42091 -0.05149 -1.04608  0.001231  0.000438  0.000795     2.809
   1.48595  0.42947 -0.05103 -1.04486  0.001247  0.000444  0.000783     2.810
   1.49452  0.43803 -0.05056 -1.04375  0.001261  0.000449  0.000774     2.808
   1.50308  0.44658 -0.05008 -1.04241  0.001281  0.000455  0.000755     2.815
   1.51165  0.45514 -0.04957 -1.04104  0.001301  0.000461  0.000734     2.823
   1.52024  0.46370 -0.04905 -1.03960  0.001322  0.000467  0.000712     2.834
   1.52883  0.47228 -0.04851 -1.03806  0.001346  0.000473  0.000686     2.847
   1.53744  0.48088 -0.04796 -1.03649  0.001370  0.000479  0.000661     2.861
   1.54607  0.48949 -0.04739 -1.03491  0.001394  0.000485  0.000636     2.874
   1.55472  0.49811 -0.04681 -1.03327  0.001419  0.000491  0.000611     2.890
   1.56338  0.50676 -0.04621 -1.03163  0.001445  0.000497  0.000587     2.905
   1.57206  0.51541 -0.04561 -1.02999  0.001470  0.000504  0.000565     2.919
   1.58075  0.52408 -0.04499 -1.02835  0.001495  0.000510  0.000543     2.933
   1.58945  0.53275 -0.04436 -1.02673  0.001520  0.000516  0.000524     2.946
   1.59815  0.54144 -0.04371 -1.02508  0.001545  0.000522  0.000504     2.960
   1.60687  0.55013 -0.04306 -1.02343  0.001571  0.000528  0.000484     2.975
   1.61559  0.55882 -0.04240 -1.02175  0.001598  0.000534  0.000464     2.991
   1.62432  0.56753 -0.04173 -1.02013  0.001624  0.000541  0.000447     3.004
   1.63306  0.57624 -0.04105 -1.01848  0.001651  0.000547  0.000429     3.019
   1.64181  0.58496 -0.04036 -1.01680  0.001678  0.000553  0.000411     3.035
   1.65057  0.59370 -0.03966 -1.01518  0.001705  0.000559  0.000395     3.049
   1.65934  0.60244 -0.03895 -1.01350  0.001734  0.000565  0.000377     3.067
   1.66812  0.61119 -0.03823 -1.01188  0.001761  0.000571  0.000362     3.082
   1.67691  0.61995 -0.03751 -1.01025  0.001789  0.000578  0.000346     3.098
   1.68571  0.62872 -0.03678 -1.00860  0.001819  0.000584  0.000330     3.116
   1.69452  0.63750 -0.03604 -1.00703  0.001845  0.000590  0.000318     3.128
   1.70334  0.64628 -0.03530 -1.00544  0.001873  0.000596  0.000305     3.144
   1.71216  0.65508 -0.03455 -1.00390  0.001900  0.000602  0.000293     3.156
   1.72099  0.66387 -0.03379 -1.00237  0.001926  0.000608  0.000282     3.169
   1.72981  0.67266 -0.03304 -1.00085  0.001953  0.000614  0.000272     3.182
   1.73864  0.68145 -0.03227 -0.99938  0.001977  0.000620  0.000263     3.192
   1.74746  0.69025 -0.03150 -0.99794  0.002001  0.000625  0.000255     3.201
   1.75629  0.69904 -0.03073 -0.99649  0.002027  0.000631  0.000246     3.213
   1.76512  0.70783 -0.02995 -0.99504  0.002054  0.000637  0.000237     3.225
   1.77395  0.71663 -0.02916 -0.99361  0.002080  0.000643  0.000228     3.237
   1.78279  0.72543 -0.02837 -0.99222  0.002105  0.000648  0.000221     3.247
   1.79163  0.73424 -0.02757 -0.99086  0.002129  0.000654  0.000214     3.256
   1.80048  0.74305 -0.02677 -0.98953  0.002151  0.000659  0.000209     3.263
   1.80933  0.75187 -0.02597 -0.98827  0.002169  0.000665  0.000206     3.263
   1.81819  0.76069 -0.02516 -0.98704  0.002186  0.000670  0.000205     3.263
   1.82704  0.76950 -0.02435 -0.98591  0.002196  0.000675  0.000207     3.254
   1.83589  0.77831 -0.02353 -0.98487  0.002201  0.000679  0.000212     3.239
   1.84473  0.78711 -0.02272 -0.98399  0.002196  0.000684  0.000223     3.213
   1.85356  0.79591 -0.02189 -0.98328  0.002183  0.000687  0.000240     3.176
   1.86239  0.80470 -0.02107 -0.98300  0.002146  0.000689  0.000272     3.113
   1.87122  0.81349 -0.02024 -0.97854  0.002073  0.000706  0.000369     2.934
   1.88004  0.82227 -0.01940 -0.97150  0.001967  0.000733  0.000558     2.683
   1.88885  0.83103 -0.01857 -0.96417  0.001849  0.000762  0.000849     2.427
   1.89764  0.83979 -0.01773 -0.95770  0.001736  0.000789  0.001211     2.201
   1.90642  0.84853 -0.01689 -0.95274  0.001640  0.000812  0.001607     2.020
   1.91518  0.85725 -0.01605 -0.94888  0.001570  0.000834  0.001982     1.883
   1.92391  0.86593 -0.01520 -0.94625  0.001518  0.000853  0.002321     1.780
   1.93259  0.87458 -0.01436 -0.94369  0.001490  0.000873  0.002590     1.706
   1.94123  0.88318 -0.01352 -0.94158  0.001474  0.000893  0.002809     1.650
   1.94980  0.89171 -0.01268 -0.93938  0.001472  0.000915  0.002971     1.609
   1.95829  0.90015 -0.01185 -0.93693  0.001480  0.000938  0.003085     1.578
   1.96669  0.90851 -0.01101 -0.93418  0.001497  0.000963  0.003159     1.556
   1.97497  0.91675 -0.01019 -0.93133  0.001520  0.000988  0.003205     1.539
   1.98311  0.92485 -0.00937 -0.92805  0.001550  0.001015  0.003221     1.527
   1.99108  0.93278 -0.00857 -0.92445  0.001585  0.001044  0.003216     1.518
   1.99886  0.94052 -0.00778 -0.92054  0.001624  0.001074  0.003193     1.513
   2.00640  0.94802 -0.00701 -0.91638  0.001667  0.001105  0.003157     1.509
   2.01368  0.95526 -0.00626 -0.91180  0.001716  0.001138  0.003107     1.508
   2.02067  0.96222 -0.00554 -0.90678  0.001769  0.001172  0.003044     1.509
   2.02735  0.96885 -0.00485 -0.90135  0.001828  0.001209  0.002970     1.512
   2.03368  0.97516 -0.00419 -0.89552  0.001892  0.001248  0.002887     1.516
   2.03967  0.98111 -0.00357 -0.88917  0.001963  0.001290  0.002793     1.522
   2.04530  0.98671 -0.00298 -0.88221  0.002044  0.001335  0.002688     1.531
   2.05059  0.99197 -0.00242 -0.87422  0.002140  0.001387  0.002563     1.543
   2.05554  0.99689 -0.00189 -0.86502  0.002256  0.001447  0.002416     1.559
   2.05866  1.00000 -0.00157 -0.86599  0.002243  0.001447  0.002455     1.551
   2.05866  1.00010 -0.00001  0.86599  0.013684  0.005493  0.000000     2.491
   2.06179  1.00321 -0.00023  0.85637  0.013287  0.005766  0.000000     2.305
   2.06524  1.00666 -0.00045  0.84864  0.012737  0.005987  0.000000     2.128
   2.06907  1.01049 -0.00068  0.85156  0.012076  0.005905  0.000000     2.045
   2.07331  1.01472 -0.00091  0.85605  0.011421  0.005784  0.000000     1.975
   2.07800  1.01940 -0.00116  0.86105  0.010787  0.005654  0.000000     1.908
   2.08320  1.02459 -0.00143  0.86653  0.010178  0.005519  0.000000     1.844
   2.08895  1.03034 -0.00171  0.87244  0.009599  0.005380  0.000000     1.784
   2.09533  1.03671 -0.00200  0.87870  0.009054  0.005241  0.000000     1.728
   2.10238  1.04375 -0.00232  0.88521  0.008546  0.005102  0.000000     1.675
   2.11019  1.05155 -0.00265  0.89186  0.008075  0.004967  0.000000     1.626
   2.11884  1.06020 -0.00300  0.89854  0.007643  0.004838  0.000000     1.580
   2.12841  1.06976 -0.00337  0.90515  0.007248  0.004716  0.000000     1.537
   2.13901  1.08036 -0.00375  0.91163  0.006889  0.004602  0.000000     1.497
   2.15075  1.09209 -0.00415  0.91790  0.006562  0.004495  0.000000     1.460
   2.16375  1.10508 -0.00457  0.92392  0.006266  0.004398  0.000000     1.425
   2.17814  1.11946 -0.00501  0.92967  0.005996  0.004308  0.000000     1.392
   2.19407  1.13539 -0.00546  0.93515  0.005751  0.004225  0.000000     1.361
   2.21171  1.15303 -0.00593  0.94033  0.005528  0.004149  0.000000     1.332
   2.23125  1.17255 -0.00640  0.94523  0.005325  0.004080  0.000000     1.305
   2.25288  1.19418 -0.00688  0.94986  0.005140  0.004017  0.000000     1.280
   2.27683  1.21812 -0.00736  0.95421  0.004971  0.003959  0.000000     1.256
   2.30334  1.24463 -0.00784  0.95829  0.004818  0.003905  0.000000     1.234
   2.33270  1.27399 -0.00831  0.96212  0.004679  0.003857  0.000000     1.213
   2.36521  1.30649 -0.00876  0.96570  0.004553  0.003812  0.000000     1.194
   2.40120  1.34248 -0.00918  0.96904  0.004439  0.003772  0.000000     1.177
   2.44105  1.38233 -0.00957  0.97214  0.004337  0.003735  0.000000     1.161
   2.48518  1.42646 -0.00991  0.97502  0.004246  0.003701  0.000000     1.147
   2.53403  1.47531 -0.01019  0.97768  0.004164  0.003670  0.000000     1.134
   2.58813  1.52941 -0.01038  0.98012  0.004091  0.003643  0.000000     1.123
   2.64803  1.58931 -0.01048  0.98236  0.004027  0.003618  0.000000     1.113
   2.71435  1.65562 -0.01046  0.98440  0.003970  0.003595  0.000000     1.104
   2.78778  1.72905 -0.01030  0.98625  0.003921  0.003575  0.000000     1.097
   2.86908  1.81036 -0.00997  0.98792  0.003877  0.003556  0.000000     1.090
   2.95910  1.90038 -0.00943  0.98942  0.003839  0.003540  0.000000     1.084
   3.05878  2.00005 -0.00867  0.99092  0.003804  0.003524  0.000000     1.079
