NACA 2415                                       
 Alfa =   2.00000 Re =   100000.000 Xflap,Yflap =     0.000000    0.000000
#    x        y        Cp  
   1.00000  0.00157  0.12384
   0.99698  0.00234  0.11835
   0.99220  0.00350  0.10878
   0.98711  0.00471  0.09928
   0.98172  0.00600  0.08879
   0.97602  0.00736  0.07779
   0.97002  0.00878  0.06666
   0.96372  0.01024  0.05529
   0.95714  0.01176  0.04370
   0.95029  0.01333  0.03199
   0.94320  0.01494  0.02022
   0.93591  0.01657  0.00861
   0.92845  0.01823 -0.00314
   0.92083  0.01991 -0.01480
   0.91310  0.02159 -0.02611
   0.90526  0.02328 -0.03726
   0.89733  0.02496 -0.04807
   0.88932  0.02664 -0.05864
   0.88125  0.02832 -0.06895
   0.87312  0.02998 -0.07913
   0.86495  0.03164 -0.08936
   0.85675  0.03329 -0.09953
   0.84852  0.03492 -0.10997
   0.84028  0.03653 -0.12056
   0.83203  0.03813 -0.13179
   0.82375  0.03971 -0.14382
   0.81547  0.04127 -0.15704
   0.80717  0.04282 -0.17177
   0.79886  0.04434 -0.18871
   0.79054  0.04585 -0.20835
   0.78222  0.04734 -0.23140
   0.77388  0.04882 -0.25845
   0.76555  0.05027 -0.28946
   0.75722  0.05170 -0.32571
   0.74888  0.05312 -0.36964
   0.74054  0.05451 -0.41896
   0.73220  0.05589 -0.46792
   0.72385  0.05725 -0.51711
   0.71550  0.05858 -0.52871
   0.70715  0.05990 -0.53130
   0.69880  0.06120 -0.53376
   0.69044  0.06247 -0.53613
   0.68209  0.06373 -0.53843
   0.67374  0.06497 -0.54068
   0.66539  0.06618 -0.54290
   0.65704  0.06738 -0.54511
   0.64869  0.06855 -0.54732
   0.64035  0.06970 -0.54953
   0.63201  0.07083 -0.55177
   0.62367  0.07194 -0.55403
   0.61533  0.07302 -0.55635
   0.60700  0.07409 -0.55871
   0.59867  0.07513 -0.56115
   0.59034  0.07615 -0.56366
   0.58202  0.07714 -0.56626
   0.57370  0.07812 -0.56897
   0.56538  0.07906 -0.57179
   0.55707  0.07999 -0.57474
   0.54876  0.08089 -0.57784
   0.54047  0.08177 -0.58111
   0.53218  0.08262 -0.58455
   0.52390  0.08344 -0.58819
   0.51564  0.08424 -0.59205
   0.50739  0.08502 -0.59614
   0.49914  0.08576 -0.60050
   0.49090  0.08648 -0.60513
   0.48267  0.08717 -0.61006
   0.47444  0.08784 -0.61532
   0.46622  0.08847 -0.62090
   0.45801  0.08908 -0.62683
   0.44982  0.08966 -0.63313
   0.44165  0.09021 -0.63976
   0.43351  0.09074 -0.64669
   0.42539  0.09123 -0.65396
   0.41731  0.09168 -0.66162
   0.40926  0.09210 -0.66968
   0.40125  0.09249 -0.67816
   0.39327  0.09283 -0.68703
   0.38532  0.09314 -0.69629
   0.37740  0.09341 -0.70584
   0.36951  0.09364 -0.71570
   0.36164  0.09382 -0.72577
   0.35379  0.09397 -0.73597
   0.34597  0.09407 -0.74627
   0.33817  0.09414 -0.75665
   0.33040  0.09415 -0.76688
   0.32265  0.09413 -0.77715
   0.31493  0.09406 -0.78729
   0.30724  0.09395 -0.79730
   0.29957  0.09379 -0.80711
   0.29193  0.09358 -0.81682
   0.28432  0.09333 -0.82634
   0.27674  0.09303 -0.83554
   0.26919  0.09269 -0.84466
   0.26168  0.09230 -0.85352
   0.25420  0.09186 -0.86226
   0.24677  0.09137 -0.87055
   0.23938  0.09083 -0.87886
   0.23203  0.09025 -0.88685
   0.22474  0.08962 -0.89455
   0.21751  0.08894 -0.90206
   0.21033  0.08821 -0.90910
   0.20322  0.08743 -0.91601
   0.19617  0.08660 -0.92248
   0.18919  0.08572 -0.92895
   0.18229  0.08480 -0.93463
   0.17547  0.08383 -0.94030
   0.16875  0.08281 -0.94542
   0.16212  0.08175 -0.95027
   0.15559  0.08064 -0.95526
   0.14919  0.07950 -0.95956
   0.14291  0.07831 -0.96367
   0.13676  0.07709 -0.96704
   0.13076  0.07584 -0.97014
   0.12491  0.07456 -0.97271
   0.11921  0.07325 -0.97473
   0.11367  0.07192 -0.97646
   0.10831  0.07057 -0.97773
   0.10312  0.06920 -0.97824
   0.09810  0.06782 -0.97877
   0.09328  0.06644 -0.97833
   0.08863  0.06505 -0.97842
   0.08418  0.06367 -0.97777
   0.07991  0.06229 -0.97669
   0.07582  0.06091 -0.97512
   0.07191  0.05954 -0.97227
   0.06818  0.05819 -0.96973
   0.06462  0.05685 -0.96571
   0.06122  0.05552 -0.96173
   0.05798  0.05421 -0.95728
   0.05489  0.05291 -0.95173
   0.05194  0.05163 -0.94589
   0.04913  0.05036 -0.93865
   0.04645  0.04911 -0.93157
   0.04389  0.04787 -0.92304
   0.04146  0.04666 -0.91434
   0.03913  0.04546 -0.90558
   0.03691  0.04427 -0.89626
   0.03479  0.04310 -0.88591
   0.03277  0.04195 -0.87477
   0.03083  0.04081 -0.86178
   0.02899  0.03968 -0.84857
   0.02722  0.03856 -0.83333
   0.02554  0.03745 -0.81696
   0.02392  0.03636 -0.80032
   0.02238  0.03527 -0.78151
   0.02090  0.03420 -0.76392
   0.01949  0.03313 -0.74318
   0.01814  0.03207 -0.72221
   0.01685  0.03102 -0.69933
   0.01562  0.02998 -0.67303
   0.01444  0.02894 -0.64472
   0.01332  0.02791 -0.61414
   0.01224  0.02688 -0.58186
   0.01122  0.02585 -0.54803
   0.01025  0.02483 -0.51029
   0.00932  0.02381 -0.47252
   0.00844  0.02279 -0.42992
   0.00760  0.02178 -0.39056
   0.00681  0.02077 -0.34664
   0.00606  0.01976 -0.29915
   0.00536  0.01875 -0.24923
   0.00470  0.01775 -0.19599
   0.00408  0.01674 -0.13885
   0.00351  0.01574 -0.08039
   0.00299  0.01475 -0.01927
   0.00250  0.01375  0.04471
   0.00206  0.01275  0.11329
   0.00167  0.01176  0.18365
   0.00131  0.01077  0.25331
   0.00100  0.00978  0.32202
   0.00072  0.00879  0.39011
   0.00049  0.00781  0.45832
   0.00030  0.00683  0.52244
   0.00014  0.00586  0.58577
   0.00002  0.00489  0.64349
  -0.00006  0.00393  0.69853
  -0.00011  0.00298  0.75186
  -0.00011  0.00202  0.79724
  -0.00008  0.00107  0.84154
  -0.00001  0.00013  0.88277
   0.00010 -0.00082  0.91574
   0.00025 -0.00176  0.94356
   0.00043 -0.00270  0.96596
   0.00066 -0.00365  0.98266
   0.00093 -0.00459  0.99421
   0.00124 -0.00554  0.99944
   0.00159 -0.00650  0.99928
   0.00198 -0.00745  0.99355
   0.00242 -0.00840  0.98284
   0.00290 -0.00936  0.96736
   0.00343 -0.01032  0.94692
   0.00400 -0.01127  0.92317
   0.00462 -0.01222  0.89535
   0.00529 -0.01316  0.86500
   0.00601 -0.01410  0.83203
   0.00677 -0.01503  0.79738
   0.00759 -0.01596  0.76335
   0.00845 -0.01687  0.72681
   0.00936 -0.01778  0.68918
   0.01032 -0.01868  0.65369
   0.01132 -0.01957  0.61855
   0.01237 -0.02046  0.58236
   0.01347 -0.02134  0.54785
   0.01461 -0.02221  0.51422
   0.01580 -0.02307  0.47990
   0.01705 -0.02393  0.44698
   0.01834 -0.02478  0.41537
   0.01969 -0.02562  0.38460
   0.02110 -0.02646  0.35455
   0.02257 -0.02730  0.32671
   0.02411 -0.02813  0.30043
   0.02571 -0.02896  0.27443
   0.02738 -0.02979  0.25028
   0.02912 -0.03062  0.22603
   0.03094 -0.03145  0.20260
   0.03283 -0.03228  0.18084
   0.03481 -0.03310  0.15871
   0.03688 -0.03393  0.13807
   0.03904 -0.03475  0.11904
   0.04130 -0.03558  0.10036
   0.04366 -0.03640  0.08305
   0.04613 -0.03722  0.06599
   0.04871 -0.03804  0.05112
   0.05141 -0.03886  0.03518
   0.05425 -0.03968  0.02093
   0.05721 -0.04050  0.00679
   0.06032 -0.04132 -0.00603
   0.06359 -0.04213 -0.01871
   0.06702 -0.04294 -0.02977
   0.07061 -0.04375 -0.04083
   0.07439 -0.04456 -0.05068
   0.07834 -0.04535 -0.06029
   0.08249 -0.04614 -0.06941
   0.08684 -0.04692 -0.07753
   0.09139 -0.04769 -0.08490
   0.09615 -0.04844 -0.09222
   0.10111 -0.04917 -0.09792
   0.10629 -0.04988 -0.10346
   0.11167 -0.05057 -0.10843
   0.11727 -0.05124 -0.11250
   0.12307 -0.05187 -0.11603
   0.12907 -0.05247 -0.11902
   0.13526 -0.05305 -0.12128
   0.14164 -0.05358 -0.12310
   0.14819 -0.05408 -0.12452
   0.15490 -0.05455 -0.12554
   0.16177 -0.05497 -0.12576
   0.16878 -0.05536 -0.12580
   0.17592 -0.05570 -0.12534
   0.18318 -0.05600 -0.12463
   0.19056 -0.05627 -0.12354
   0.19804 -0.05649 -0.12205
   0.20562 -0.05668 -0.12042
   0.21329 -0.05683 -0.11841
   0.22104 -0.05694 -0.11620
   0.22886 -0.05701 -0.11395
   0.23676 -0.05705 -0.11150
   0.24471 -0.05706 -0.10865
   0.25273 -0.05703 -0.10586
   0.26080 -0.05697 -0.10284
   0.26892 -0.05688 -0.09983
   0.27710 -0.05676 -0.09674
   0.28531 -0.05662 -0.09362
   0.29357 -0.05645 -0.09024
   0.30188 -0.05625 -0.08709
   0.31022 -0.05603 -0.08363
   0.31860 -0.05578 -0.08049
   0.32701 -0.05552 -0.07705
   0.33546 -0.05523 -0.07380
   0.34394 -0.05493 -0.07062
   0.35244 -0.05460 -0.06753
   0.36097 -0.05427 -0.06445
   0.36951 -0.05391 -0.06158
   0.37807 -0.05354 -0.05870
   0.38664 -0.05316 -0.05586
   0.39521 -0.05276 -0.05323
   0.40378 -0.05235 -0.05055
   0.41235 -0.05193 -0.04796
   0.42091 -0.05149 -0.04542
   0.42947 -0.05103 -0.04278
   0.43803 -0.05056 -0.04021
   0.44658 -0.05008 -0.03742
   0.45514 -0.04957 -0.03459
   0.46370 -0.04905 -0.03164
   0.47228 -0.04851 -0.02857
   0.48088 -0.04796 -0.02545
   0.48949 -0.04739 -0.02224
   0.49811 -0.04681 -0.01899
   0.50676 -0.04621 -0.01567
   0.51541 -0.04561 -0.01234
   0.52408 -0.04499 -0.00897
   0.53275 -0.04436 -0.00558
   0.54144 -0.04371 -0.00215
   0.55013 -0.04306  0.00131
   0.55882 -0.04240  0.00481
   0.56753 -0.04173  0.00831
   0.57624 -0.04105  0.01183
   0.58496 -0.04036  0.01540
   0.59370 -0.03966  0.01894
   0.60244 -0.03895  0.02253
   0.61119 -0.03823  0.02610
   0.61995 -0.03751  0.02968
   0.62872 -0.03678  0.03327
   0.63750 -0.03604  0.03682
   0.64628 -0.03530  0.04037
   0.65508 -0.03455  0.04389
   0.66387 -0.03379  0.04739
   0.67266 -0.03304  0.05085
   0.68145 -0.03227  0.05427
   0.69025 -0.03150  0.05765
   0.69904 -0.03073  0.06099
   0.70783 -0.02995  0.06428
   0.71663 -0.02916  0.06751
   0.72543 -0.02837  0.07066
   0.73424 -0.02757  0.07374
   0.74305 -0.02677  0.07673
   0.75187 -0.02597  0.07962
   0.76069 -0.02516  0.08242
   0.76950 -0.02435  0.08511
   0.77831 -0.02353  0.08771
   0.78711 -0.02272  0.09021
   0.79591 -0.02189  0.09261
   0.80470 -0.02107  0.09493
   0.81349 -0.02024  0.09718
   0.82227 -0.01940  0.09934
   0.83103 -0.01857  0.10139
   0.83979 -0.01773  0.10334
   0.84853 -0.01689  0.10519
   0.85725 -0.01605  0.10693
   0.86593 -0.01520  0.10857
   0.87458 -0.01436  0.11010
   0.88318 -0.01352  0.11153
   0.89171 -0.01268  0.11287
   0.90015 -0.01185  0.11411
   0.90851 -0.01101  0.11525
   0.91675 -0.01019  0.11631
   0.92485 -0.00937  0.11727
   0.93278 -0.00857  0.11816
   0.94052 -0.00778  0.11897
   0.94802 -0.00701  0.11971
   0.95526 -0.00626  0.12037
   0.96222 -0.00554  0.12098
   0.96885 -0.00485  0.12152
   0.97516 -0.00419  0.12201
   0.98111 -0.00357  0.12246
   0.98671 -0.00298  0.12286
   0.99197 -0.00242  0.12322
   0.99689 -0.00189  0.12356
   1.00000 -0.00157  0.12384
