NACA 2415                                       
 Alfa =   2.00000 Re =        0.000 Xflap,Yflap =     0.000000    0.000000
#    x        y        Cp  
   1.00000  0.00157  0.49127
   0.99698  0.00234  0.34035
   0.99220  0.00350  0.28179
   0.98711  0.00471  0.24391
   0.98172  0.00600  0.20671
   0.97602  0.00736  0.17361
   0.97002  0.00878  0.14742
   0.96372  0.01024  0.12330
   0.95714  0.01176  0.10040
   0.95029  0.01333  0.07924
   0.94320  0.01494  0.05884
   0.93591  0.01657  0.04116
   0.92845  0.01823  0.02204
   0.92083  0.01991  0.00339
   0.91310  0.02159 -0.01286
   0.90526  0.02328 -0.02967
   0.89733  0.02496 -0.04459
   0.88932  0.02664 -0.05948
   0.88125  0.02832 -0.07320
   0.87312  0.02998 -0.08646
   0.86495  0.03164 -0.10058
   0.85675  0.03329 -0.11331
   0.84852  0.03492 -0.12729
   0.84028  0.03653 -0.13866
   0.83203  0.03813 -0.15134
   0.82375  0.03971 -0.16271
   0.81547  0.04127 -0.17505
   0.80717  0.04282 -0.18541
   0.79886  0.04434 -0.19713
   0.79054  0.04585 -0.20750
   0.78222  0.04734 -0.21841
   0.77388  0.04882 -0.22923
   0.76555  0.05027 -0.23987
   0.75722  0.05170 -0.25028
   0.74888  0.05312 -0.26025
   0.74054  0.05451 -0.27031
   0.73220  0.05589 -0.28077
   0.72385  0.05725 -0.29002
   0.71550  0.05858 -0.29994
   0.70715  0.05990 -0.30967
   0.69880  0.06120 -0.31935
   0.69044  0.06247 -0.32915
   0.68209  0.06373 -0.33837
   0.67374  0.06497 -0.34797
   0.66539  0.06618 -0.35815
   0.65704  0.06738 -0.36695
   0.64869  0.06855 -0.37631
   0.64035  0.06970 -0.38660
   0.63201  0.07083 -0.39525
   0.62367  0.07194 -0.40508
   0.61533  0.07302 -0.41396
   0.60700  0.07409 -0.42390
   0.59867  0.07513 -0.43281
   0.59034  0.07615 -0.44271
   0.58202  0.07714 -0.45158
   0.57370  0.07812 -0.46128
   0.56538  0.07906 -0.47028
   0.55707  0.07999 -0.47988
   0.54876  0.08089 -0.49035
   0.54047  0.08177 -0.49888
   0.53218  0.08262 -0.50921
   0.52390  0.08344 -0.51927
   0.51564  0.08424 -0.52890
   0.50739  0.08502 -0.53862
   0.49914  0.08576 -0.54818
   0.49090  0.08648 -0.55841
   0.48267  0.08717 -0.56817
   0.47444  0.08784 -0.57780
   0.46622  0.08847 -0.58738
   0.45801  0.08908 -0.59829
   0.44982  0.08966 -0.60871
   0.44165  0.09021 -0.61958
   0.43351  0.09074 -0.63163
   0.42539  0.09123 -0.64342
   0.41731  0.09168 -0.65559
   0.40926  0.09210 -0.66745
   0.40125  0.09249 -0.67901
   0.39327  0.09283 -0.69128
   0.38532  0.09314 -0.70257
   0.37740  0.09341 -0.71269
   0.36951  0.09364 -0.72451
   0.36164  0.09382 -0.73459
   0.35379  0.09397 -0.74435
   0.34597  0.09407 -0.75561
   0.33817  0.09414 -0.76464
   0.33040  0.09415 -0.77392
   0.32265  0.09413 -0.78393
   0.31493  0.09406 -0.79228
   0.30724  0.09395 -0.80159
   0.29957  0.09379 -0.80978
   0.29193  0.09358 -0.81801
   0.28432  0.09333 -0.82687
   0.27674  0.09303 -0.83424
   0.26919  0.09269 -0.84211
   0.26168  0.09230 -0.84985
   0.25420  0.09186 -0.85725
   0.24677  0.09137 -0.86418
   0.23938  0.09083 -0.87098
   0.23203  0.09025 -0.87873
   0.22474  0.08962 -0.88577
   0.21751  0.08894 -0.89161
   0.21033  0.08821 -0.89828
   0.20322  0.08743 -0.90297
   0.19617  0.08660 -0.91003
   0.18919  0.08572 -0.91435
   0.18229  0.08480 -0.91921
   0.17547  0.08383 -0.92387
   0.16875  0.08281 -0.92790
   0.16212  0.08175 -0.93116
   0.15559  0.08064 -0.93571
   0.14919  0.07950 -0.93952
   0.14291  0.07831 -0.94229
   0.13676  0.07709 -0.94579
   0.13076  0.07584 -0.94737
   0.12491  0.07456 -0.94882
   0.11921  0.07325 -0.95067
   0.11367  0.07192 -0.95155
   0.10831  0.07057 -0.95120
   0.10312  0.06920 -0.95082
   0.09810  0.06782 -0.95046
   0.09328  0.06644 -0.94814
   0.08863  0.06505 -0.94645
   0.08418  0.06367 -0.94712
   0.07991  0.06229 -0.94462
   0.07582  0.06091 -0.94302
   0.07191  0.05954 -0.93897
   0.06818  0.05819 -0.93655
   0.06462  0.05685 -0.93029
   0.06122  0.05552 -0.92668
   0.05798  0.05421 -0.92078
   0.05489  0.05291 -0.91551
   0.05194  0.05163 -0.90939
   0.04913  0.05036 -0.90058
   0.04645  0.04911 -0.89340
   0.04389  0.04787 -0.88287
   0.04146  0.04666 -0.87230
   0.03913  0.04546 -0.86366
   0.03691  0.04427 -0.85178
   0.03479  0.04310 -0.84427
   0.03277  0.04195 -0.83327
   0.03083  0.04081 -0.81917
   0.02899  0.03968 -0.80485
   0.02722  0.03856 -0.79108
   0.02554  0.03745 -0.76961
   0.02392  0.03636 -0.75639
   0.02238  0.03527 -0.73298
   0.02090  0.03420 -0.71333
   0.01949  0.03313 -0.69518
   0.01814  0.03207 -0.67319
   0.01685  0.03102 -0.65361
   0.01562  0.02998 -0.62528
   0.01444  0.02894 -0.59934
   0.01332  0.02791 -0.56792
   0.01224  0.02688 -0.53281
   0.01122  0.02585 -0.49826
   0.01025  0.02483 -0.46118
   0.00932  0.02381 -0.42096
   0.00844  0.02279 -0.37790
   0.00760  0.02178 -0.33749
   0.00681  0.02077 -0.29318
   0.00606  0.01976 -0.24849
   0.00536  0.01875 -0.19751
   0.00470  0.01775 -0.14604
   0.00408  0.01674 -0.08806
   0.00351  0.01574 -0.03028
   0.00299  0.01475  0.02934
   0.00250  0.01375  0.09495
   0.00206  0.01275  0.16077
   0.00167  0.01176  0.22874
   0.00131  0.01077  0.29791
   0.00100  0.00978  0.36842
   0.00072  0.00879  0.43548
   0.00049  0.00781  0.49933
   0.00030  0.00683  0.56426
   0.00014  0.00586  0.62395
   0.00002  0.00489  0.68185
  -0.00006  0.00393  0.73263
  -0.00011  0.00298  0.78428
  -0.00011  0.00202  0.82758
  -0.00008  0.00107  0.86833
  -0.00001  0.00013  0.90460
   0.00010 -0.00082  0.93485
   0.00025 -0.00176  0.95926
   0.00043 -0.00270  0.97867
   0.00066 -0.00365  0.99106
   0.00093 -0.00459  0.99835
   0.00124 -0.00554  0.99974
   0.00159 -0.00650  0.99602
   0.00198 -0.00745  0.98572
   0.00242 -0.00840  0.97209
   0.00290 -0.00936  0.95203
   0.00343 -0.01032  0.92854
   0.00400 -0.01127  0.90005
   0.00462 -0.01222  0.86919
   0.00529 -0.01316  0.83623
   0.00601 -0.01410  0.80017
   0.00677 -0.01503  0.76363
   0.00759 -0.01596  0.72567
   0.00845 -0.01687  0.68787
   0.00936 -0.01778  0.64791
   0.01032 -0.01868  0.61354
   0.01132 -0.01957  0.57490
   0.01237 -0.02046  0.53849
   0.01347 -0.02134  0.50257
   0.01461 -0.02221  0.46773
   0.01580 -0.02307  0.43313
   0.01705 -0.02393  0.39940
   0.01834 -0.02478  0.36702
   0.01969 -0.02562  0.33620
   0.02110 -0.02646  0.30649
   0.02257 -0.02730  0.27919
   0.02411 -0.02813  0.25265
   0.02571 -0.02896  0.22821
   0.02738 -0.02979  0.20354
   0.02912 -0.03062  0.18004
   0.03094 -0.03145  0.15659
   0.03283 -0.03228  0.13426
   0.03481 -0.03310  0.11251
   0.03688 -0.03393  0.09308
   0.03904 -0.03475  0.07466
   0.04130 -0.03558  0.05572
   0.04366 -0.03640  0.04010
   0.04613 -0.03722  0.02479
   0.04871 -0.03804  0.00909
   0.05141 -0.03886 -0.00583
   0.05425 -0.03968 -0.02064
   0.05721 -0.04050 -0.03321
   0.06032 -0.04132 -0.04535
   0.06359 -0.04213 -0.05790
   0.06702 -0.04294 -0.06692
   0.07061 -0.04375 -0.07841
   0.07439 -0.04456 -0.08625
   0.07834 -0.04535 -0.09627
   0.08249 -0.04614 -0.10455
   0.08684 -0.04692 -0.11219
   0.09139 -0.04769 -0.11877
   0.09615 -0.04844 -0.12503
   0.10111 -0.04917 -0.12982
   0.10629 -0.04988 -0.13539
   0.11167 -0.05057 -0.13924
   0.11727 -0.05124 -0.14320
   0.12307 -0.05187 -0.14568
   0.12907 -0.05247 -0.14734
   0.13526 -0.05305 -0.14958
   0.14164 -0.05358 -0.15085
   0.14819 -0.05408 -0.15169
   0.15490 -0.05455 -0.15214
   0.16177 -0.05497 -0.15157
   0.16878 -0.05536 -0.15107
   0.17592 -0.05570 -0.15088
   0.18318 -0.05600 -0.14852
   0.19056 -0.05627 -0.14808
   0.19804 -0.05649 -0.14523
   0.20562 -0.05668 -0.14322
   0.21329 -0.05683 -0.14078
   0.22104 -0.05694 -0.13823
   0.22886 -0.05701 -0.13528
   0.23676 -0.05705 -0.13293
   0.24471 -0.05706 -0.12927
   0.25273 -0.05703 -0.12639
   0.26080 -0.05697 -0.12252
   0.26892 -0.05688 -0.11951
   0.27710 -0.05676 -0.11593
   0.28531 -0.05662 -0.11268
   0.29357 -0.05645 -0.10835
   0.30188 -0.05625 -0.10549
   0.31022 -0.05603 -0.10081
   0.31860 -0.05578 -0.09816
   0.32701 -0.05552 -0.09390
   0.33546 -0.05523 -0.09043
   0.34394 -0.05493 -0.08715
   0.35244 -0.05460 -0.08409
   0.36097 -0.05427 -0.08115
   0.36951 -0.05391 -0.07836
   0.37807 -0.05354 -0.07606
   0.38664 -0.05316 -0.07290
   0.39521 -0.05276 -0.07166
   0.40378 -0.05235 -0.06868
   0.41235 -0.05193 -0.06705
   0.42091 -0.05149 -0.06546
   0.42947 -0.05103 -0.06305
   0.43803 -0.05056 -0.06143
   0.44658 -0.05008 -0.05901
   0.45514 -0.04957 -0.05610
   0.46370 -0.04905 -0.05306
   0.47228 -0.04851 -0.04967
   0.48088 -0.04796 -0.04671
   0.48949 -0.04739 -0.04299
   0.49811 -0.04681 -0.03990
   0.50676 -0.04621 -0.03601
   0.51541 -0.04561 -0.03312
   0.52408 -0.04499 -0.02943
   0.53275 -0.04436 -0.02651
   0.54144 -0.04371 -0.02285
   0.55013 -0.04306 -0.01966
   0.55882 -0.04240 -0.01609
   0.56753 -0.04173 -0.01281
   0.57624 -0.04105 -0.00952
   0.58496 -0.04036 -0.00572
   0.59370 -0.03966 -0.00271
   0.60244 -0.03895  0.00129
   0.61119 -0.03823  0.00446
   0.61995 -0.03751  0.00794
   0.62872 -0.03678  0.01219
   0.63750 -0.03604  0.01486
   0.64628 -0.03530  0.01869
   0.65508 -0.03455  0.02190
   0.66387 -0.03379  0.02526
   0.67266 -0.03304  0.02885
   0.68145 -0.03227  0.03186
   0.69025 -0.03150  0.03477
   0.69904 -0.03073  0.03825
   0.70783 -0.02995  0.04194
   0.71663 -0.02916  0.04576
   0.72543 -0.02837  0.04927
   0.73424 -0.02757  0.05295
   0.74305 -0.02677  0.05703
   0.75187 -0.02597  0.06013
   0.76069 -0.02516  0.06454
   0.76950 -0.02435  0.06783
   0.77831 -0.02353  0.07200
   0.78711 -0.02272  0.07533
   0.79591 -0.02189  0.08006
   0.80470 -0.02107  0.08361
   0.81349 -0.02024  0.08833
   0.82227 -0.01940  0.09267
   0.83103 -0.01857  0.09740
   0.83979 -0.01773  0.10235
   0.84853 -0.01689  0.10717
   0.85725 -0.01605  0.11305
   0.86593 -0.01520  0.11748
   0.87458 -0.01436  0.12386
   0.88318 -0.01352  0.12920
   0.89171 -0.01268  0.13525
   0.90015 -0.01185  0.14198
   0.90851 -0.01101  0.14945
   0.91675 -0.01019  0.15687
   0.92485 -0.00937  0.16550
   0.93278 -0.00857  0.17465
   0.94052 -0.00778  0.18474
   0.94802 -0.00701  0.19538
   0.95526 -0.00626  0.20721
   0.96222 -0.00554  0.22040
   0.96885 -0.00485  0.23534
   0.97516 -0.00419  0.25191
   0.98111 -0.00357  0.27134
   0.98671 -0.00298  0.29477
   0.99197 -0.00242  0.32942
   0.99689 -0.00189  0.38275
   1.00000 -0.00157  0.49127
