#    s        x        y     Ue/Vinf    Dstar     Theta      Cf       H
   0.00000  1.00000  0.00157  0.93604  0.013685  0.007806  0.002307     1.753
   0.00312  0.99698  0.00234  0.93896  0.013478  0.007711  0.002349     1.748
   0.00803  0.99220  0.00350  0.94404  0.013121  0.007550  0.002428     1.738
   0.01326  0.98711  0.00471  0.94906  0.012791  0.007395  0.002500     1.730
   0.01881  0.98172  0.00600  0.95457  0.012441  0.007229  0.002582     1.721
   0.02467  0.97602  0.00736  0.96032  0.012095  0.007062  0.002665     1.713
   0.03083  0.97002  0.00878  0.96610  0.011768  0.006897  0.002743     1.706
   0.03730  0.96372  0.01024  0.97196  0.011455  0.006735  0.002819     1.701
   0.04406  0.95714  0.01176  0.97791  0.011157  0.006575  0.002890     1.697
   0.05108  0.95029  0.01333  0.98387  0.010877  0.006418  0.002955     1.695
   0.05835  0.94320  0.01494  0.98984  0.010615  0.006265  0.003012     1.694
   0.06582  0.93591  0.01657  0.99569  0.010377  0.006119  0.003059     1.696
   0.07347  0.92845  0.01823  1.00157  0.010154  0.005976  0.003097     1.699
   0.08126  0.92083  0.01991  1.00737  0.009951  0.005837  0.003124     1.705
   0.08918  0.91310  0.02159  1.01297  0.009776  0.005706  0.003135     1.713
   0.09720  0.90526  0.02328  1.01846  0.009622  0.005581  0.003131     1.724
   0.10531  0.89733  0.02496  1.02375  0.009496  0.005462  0.003107     1.739
   0.11349  0.88932  0.02664  1.02890  0.009395  0.005348  0.003064     1.757
   0.12173  0.88125  0.02832  1.03390  0.009321  0.005240  0.003000     1.779
   0.13003  0.87312  0.02998  1.03881  0.009272  0.005135  0.002915     1.806
   0.13837  0.86495  0.03164  1.04372  0.009246  0.005033  0.002808     1.837
   0.14673  0.85675  0.03329  1.04859  0.009251  0.004933  0.002677     1.875
   0.15512  0.84852  0.03492  1.05355  0.009282  0.004833  0.002524     1.921
   0.16352  0.84028  0.03653  1.05856  0.009350  0.004734  0.002343     1.975
   0.17193  0.83203  0.03813  1.06386  0.009448  0.004632  0.002141     2.040
   0.18035  0.82375  0.03971  1.06949  0.009583  0.004526  0.001968     2.117
   0.18878  0.81547  0.04127  1.07566  0.009752  0.004412  0.001795     2.210
   0.19722  0.80717  0.04282  1.08248  0.009962  0.004289  0.001595     2.323
   0.20567  0.79886  0.04434  1.09028  0.010205  0.004150  0.001369     2.459
   0.21412  0.79054  0.04585  1.09925  0.010487  0.003994  0.001118     2.625
   0.22258  0.78222  0.04734  1.10969  0.010798  0.003817  0.000848     2.829
   0.23104  0.77388  0.04882  1.12181  0.011135  0.003614  0.000565     3.081
   0.23950  0.76555  0.05027  1.13555  0.011491  0.003390  0.000286     3.390
   0.24796  0.75722  0.05170  1.15139  0.011853  0.003137  0.000027     3.779
   0.25641  0.74888  0.05312  1.17032  0.012202  0.002843 -0.000180     4.291
   0.26487  0.74054  0.05451  1.19120  0.012518  0.002530 -0.000271     4.948
   0.27333  0.73220  0.05589  1.21158  0.012791  0.002235 -0.000311     5.724
   0.28178  0.72385  0.05725  1.23171  0.012989  0.001953 -0.000331     6.649
   0.29024  0.71550  0.05858  1.23641  0.013193  0.001890 -0.000423     6.980
   0.29869  0.70715  0.05990  1.23746  0.013333  0.001877 -0.000424     7.104
   0.30714  0.69880  0.06120  1.23845  0.013404  0.001864 -0.000426     7.190
   0.31559  0.69044  0.06247  1.23941  0.013420  0.001852 -0.000428     7.246
   0.32404  0.68209  0.06373  1.24033  0.013392  0.001841 -0.000430     7.276
   0.33248  0.67374  0.06497  1.24124  0.013326  0.001829 -0.000433     7.285
   0.34092  0.66539  0.06618  1.24214  0.013226  0.001818 -0.000436     7.274
   0.34936  0.65704  0.06738  1.24302  0.013099  0.001807 -0.000440     7.247
   0.35779  0.64869  0.06855  1.24391  0.012947  0.001797 -0.000443     7.205
   0.36621  0.64035  0.06970  1.24480  0.012770  0.001786 -0.000447     7.149
   0.37463  0.63201  0.07083  1.24570  0.012576  0.001776 -0.000452     7.082
   0.38304  0.62367  0.07194  1.24661  0.012364  0.001765 -0.000456     7.004
   0.39144  0.61533  0.07302  1.24754  0.012138  0.001755 -0.000461     6.917
   0.39984  0.60700  0.07409  1.24848  0.011897  0.001744 -0.000466     6.820
   0.40824  0.59867  0.07513  1.24946  0.011646  0.001734 -0.000472     6.717
   0.41663  0.59034  0.07615  1.25046  0.011382  0.001723 -0.000478     6.606
   0.42501  0.58202  0.07714  1.25150  0.011112  0.001712 -0.000485     6.491
   0.43339  0.57370  0.07812  1.25258  0.010835  0.001701 -0.000492     6.370
   0.44176  0.56538  0.07906  1.25371  0.010551  0.001690 -0.000499     6.245
   0.45013  0.55707  0.07999  1.25489  0.010260  0.001678 -0.000507     6.115
   0.45848  0.54876  0.08089  1.25612  0.009966  0.001666 -0.000516     5.982
   0.46682  0.54047  0.08177  1.25742  0.009672  0.001654 -0.000525     5.848
   0.47515  0.53218  0.08262  1.25879  0.009373  0.001641 -0.000533     5.710
   0.48347  0.52390  0.08344  1.26023  0.009074  0.001628 -0.000541     5.573
   0.49177  0.51564  0.08424  1.26176  0.008778  0.001615 -0.000547     5.435
   0.50006  0.50739  0.08502  1.26339  0.008483  0.001601 -0.000552     5.298
   0.50834  0.49914  0.08576  1.26511  0.008191  0.001587 -0.000554     5.161
   0.51661  0.49090  0.08648  1.26694  0.007902  0.001572 -0.000554     5.026
   0.52487  0.48267  0.08717  1.26888  0.007616  0.001557 -0.000548     4.892
   0.53313  0.47444  0.08784  1.27095  0.007336  0.001541 -0.000535     4.760
   0.54137  0.46622  0.08847  1.27315  0.007060  0.001525 -0.000514     4.630
   0.54960  0.45801  0.08908  1.27547  0.006789  0.001508 -0.000481     4.502
   0.55781  0.44982  0.08966  1.27794  0.006521  0.001490 -0.000435     4.375
   0.56600  0.44165  0.09021  1.28053  0.006259  0.001472 -0.000374     4.251
   0.57416  0.43351  0.09074  1.28323  0.006004  0.001454 -0.000295     4.129
   0.58229  0.42539  0.09123  1.28606  0.005754  0.001435 -0.000196     4.009
   0.59039  0.41731  0.09168  1.28904  0.005514  0.001416 -0.000077     3.894
   0.59845  0.40926  0.09210  1.29216  0.005286  0.001396  0.000060     3.786
   0.60647  0.40125  0.09249  1.29544  0.005067  0.001376  0.000217     3.683
   0.61445  0.39327  0.09283  1.29886  0.004861  0.001355  0.000390     3.588
   0.62241  0.38532  0.09314  1.30242  0.004666  0.001333  0.000579     3.500
   0.63034  0.37740  0.09341  1.30608  0.004486  0.001311  0.000776     3.420
   0.63823  0.36951  0.09364  1.30985  0.004314  0.001289  0.000987     3.346
   0.64611  0.36164  0.09382  1.31369  0.004154  0.001267  0.001204     3.279
   0.65395  0.35379  0.09397  1.31756  0.004005  0.001245  0.001426     3.218
   0.66177  0.34597  0.09407  1.32146  0.003866  0.001222  0.001652     3.163
   0.66957  0.33817  0.09414  1.32539  0.003734  0.001200  0.001886     3.112
   0.67734  0.33040  0.09415  1.32924  0.003614  0.001178  0.002108     3.069
   0.68509  0.32265  0.09413  1.33310  0.003499  0.001156  0.002340     3.027
   0.69281  0.31493  0.09406  1.33689  0.003392  0.001134  0.002569     2.990
   0.70051  0.30724  0.09395  1.34063  0.003290  0.001113  0.002798     2.957
   0.70818  0.29957  0.09379  1.34429  0.003196  0.001092  0.003022     2.927
   0.71582  0.29193  0.09358  1.34789  0.003104  0.001071  0.003251     2.899
   0.72343  0.28432  0.09333  1.35142  0.003017  0.001050  0.003480     2.873
   0.73102  0.27674  0.09303  1.35482  0.002937  0.001030  0.003697     2.850
   0.73858  0.26919  0.09269  1.35818  0.002857  0.001010  0.003926     2.829
   0.74610  0.26168  0.09230  1.36144  0.002782  0.000990  0.004150     2.809
   0.75359  0.25420  0.09186  1.36465  0.002708  0.000971  0.004386     2.790
   0.76104  0.24677  0.09137  1.36768  0.002640  0.000952  0.004603     2.774
   0.76845  0.23938  0.09083  1.37071  0.002570  0.000932  0.004844     2.757
   0.77581  0.23203  0.09025  1.37363  0.002504  0.000913  0.005084     2.741
   0.78313  0.22474  0.08962  1.37643  0.002439  0.000895  0.005323     2.727
   0.79040  0.21751  0.08894  1.37915  0.002376  0.000876  0.005574     2.713
   0.79761  0.21033  0.08821  1.38170  0.002316  0.000858  0.005811     2.701
   0.80477  0.20322  0.08743  1.38420  0.002257  0.000839  0.006068     2.689
   0.81187  0.19617  0.08660  1.38653  0.002200  0.000821  0.006313     2.678
   0.81890  0.18919  0.08572  1.38887  0.002141  0.000803  0.006595     2.666
   0.82586  0.18229  0.08480  1.39091  0.002088  0.000786  0.006837     2.658
   0.83275  0.17547  0.08383  1.39294  0.002034  0.000768  0.007110     2.649
   0.83955  0.16875  0.08281  1.39478  0.001982  0.000751  0.007368     2.641
   0.84627  0.16212  0.08175  1.39652  0.001932  0.000733  0.007630     2.634
   0.85288  0.15559  0.08064  1.39831  0.001879  0.000716  0.007949     2.624
   0.85939  0.14919  0.07950  1.39984  0.001829  0.000699  0.008250     2.617
   0.86578  0.14291  0.07831  1.40131  0.001778  0.000682  0.008583     2.608
   0.87204  0.13676  0.07709  1.40251  0.001730  0.000665  0.008896     2.601
   0.87818  0.13076  0.07584  1.40362  0.001682  0.000649  0.009233     2.594
   0.88417  0.12491  0.07456  1.40453  0.001636  0.000632  0.009570     2.587
   0.89001  0.11921  0.07325  1.40525  0.001592  0.000617  0.009903     2.582
   0.89571  0.11367  0.07192  1.40587  0.001548  0.000601  0.010260     2.576
   0.90124  0.10831  0.07057  1.40632  0.001504  0.000585  0.010628     2.570
   0.90661  0.10312  0.06920  1.40650  0.001464  0.000570  0.010962     2.567
   0.91181  0.09810  0.06782  1.40669  0.001422  0.000555  0.011353     2.561
   0.91683  0.09328  0.06644  1.40653  0.001385  0.000541  0.011675     2.560
   0.92168  0.08863  0.06505  1.40656  0.001344  0.000526  0.012121     2.553
   0.92634  0.08418  0.06367  1.40633  0.001305  0.000512  0.012559     2.547
   0.93083  0.07991  0.06229  1.40595  0.001266  0.000498  0.013028     2.541
   0.93514  0.07582  0.06091  1.40539  0.001228  0.000485  0.013536     2.534
   0.93928  0.07191  0.05954  1.40438  0.001194  0.000472  0.013954     2.531
   0.94325  0.06818  0.05819  1.40347  0.001158  0.000459  0.014509     2.523
   0.94706  0.06462  0.05685  1.40204  0.001126  0.000447  0.014947     2.520
   0.95071  0.06122  0.05552  1.40062  0.001093  0.000435  0.015477     2.515
   0.95421  0.05798  0.05421  1.39903  0.001060  0.000423  0.016059     2.508
   0.95756  0.05489  0.05291  1.39704  0.001030  0.000411  0.016589     2.503
   0.96077  0.05194  0.05163  1.39495  0.000999  0.000400  0.017202     2.496
   0.96386  0.04913  0.05036  1.39235  0.000972  0.000390  0.017694     2.494
   0.96681  0.04645  0.04911  1.38981  0.000943  0.000379  0.018328     2.487
   0.96965  0.04389  0.04787  1.38674  0.000918  0.000369  0.018821     2.486
   0.97237  0.04146  0.04666  1.38360  0.000892  0.000359  0.019360     2.484
   0.97499  0.03913  0.04546  1.38043  0.000866  0.000350  0.020008     2.478
   0.97751  0.03691  0.04427  1.37705  0.000840  0.000340  0.020732     2.472
   0.97993  0.03479  0.04310  1.37328  0.000814  0.000330  0.021468     2.465
   0.98226  0.03277  0.04195  1.36922  0.000789  0.000321  0.022294     2.457
   0.98451  0.03083  0.04081  1.36447  0.000766  0.000312  0.022973     2.452
   0.98667  0.02899  0.03968  1.35962  0.000742  0.000304  0.023859     2.443
   0.98876  0.02722  0.03856  1.35401  0.000721  0.000295  0.024582     2.439
   0.99078  0.02554  0.03745  1.34795  0.000700  0.000287  0.025246     2.436
   0.99272  0.02392  0.03636  1.34176  0.000679  0.000279  0.026091     2.430
   0.99461  0.02238  0.03527  1.33473  0.000661  0.000272  0.026616     2.431
   0.99644  0.02090  0.03420  1.32813  0.000639  0.000264  0.027738     2.420
   0.99821  0.01949  0.03313  1.32030  0.000620  0.000256  0.028485     2.417
   0.99992  0.01814  0.03207  1.31233  0.000599  0.000249  0.029581     2.408
   1.00159  0.01685  0.03102  1.30358  0.000578  0.000241  0.030847     2.395
   1.00320  0.01562  0.02998  1.29346  0.000560  0.000234  0.031837     2.387
   1.00477  0.01444  0.02894  1.28247  0.000542  0.000228  0.032832     2.380
   1.00630  0.01332  0.02791  1.27049  0.000526  0.000221  0.033713     2.375
   1.00779  0.01224  0.02688  1.25772  0.000510  0.000215  0.034626     2.369
   1.00923  0.01122  0.02585  1.24420  0.000493  0.000209  0.035819     2.358
   1.01065  0.01025  0.02483  1.22894  0.000479  0.000203  0.036362     2.358
   1.01202  0.00932  0.02381  1.21347  0.000463  0.000197  0.037584     2.347
   1.01337  0.00844  0.02279  1.19579  0.000454  0.000192  0.037391     2.358
   1.01468  0.00760  0.02178  1.17922  0.000436  0.000186  0.038831     2.345
   1.01597  0.00681  0.02077  1.16045  0.000421  0.000180  0.039948     2.335
   1.01723  0.00606  0.01976  1.13980  0.000408  0.000175  0.040773     2.329
   1.01846  0.00536  0.01875  1.11769  0.000394  0.000170  0.041736     2.321
   1.01966  0.00470  0.01775  1.09361  0.000380  0.000165  0.042710     2.310
   1.02083  0.00408  0.01674  1.06717  0.000370  0.000160  0.042996     2.307
   1.02198  0.00351  0.01574  1.03942  0.000358  0.000156  0.043521     2.300
   1.02311  0.00299  0.01475  1.00959  0.000347  0.000151  0.043948     2.292
   1.02422  0.00250  0.01375  0.97739  0.000335  0.000147  0.044689     2.277
   1.02531  0.00206  0.01275  0.94165  0.000326  0.000144  0.044600     2.267
   1.02638  0.00167  0.01176  0.90352  0.000320  0.000141  0.043742     2.264
   1.02743  0.00131  0.01077  0.86411  0.000314  0.000139  0.042740     2.262
   1.02847  0.00100  0.00978  0.82340  0.000308  0.000136  0.041619     2.259
   1.02949  0.00072  0.00879  0.78095  0.000301  0.000134  0.040976     2.245
   1.03050  0.00049  0.00781  0.73599  0.000299  0.000133  0.038581     2.253
   1.03150  0.00030  0.00683  0.69106  0.000292  0.000130  0.037588     2.238
   1.03248  0.00014  0.00586  0.64361  0.000291  0.000130  0.034930     2.244
   1.03346  0.00002  0.00489  0.59708  0.000288  0.000128  0.032504     2.252
   1.03442 -0.00006  0.00393  0.54906  0.000280  0.000126  0.031604     2.222
   1.03538 -0.00011  0.00298  0.49813  0.000284  0.000126  0.027547     2.250
   1.03633 -0.00011  0.00202  0.45029  0.000277  0.000123  0.025567     2.247
   1.03728 -0.00008  0.00107  0.39807  0.000270  0.000122  0.023938     2.214
   1.03823 -0.00001  0.00013  0.34239  0.000276  0.000124  0.019888     2.226
   1.03918  0.00010 -0.00082  0.29028  0.000278  0.000124  0.016581     2.238
   1.04014  0.00025 -0.00176  0.23758  0.000275  0.000124  0.014003     2.216
   1.04110  0.00043 -0.00270  0.18449  0.000280  0.000125  0.010390     2.244
   1.04207  0.00066 -0.00365  0.13169  0.000272  0.000122  0.007787     2.225
   1.04305  0.00093 -0.00459  0.07611  0.000280  0.000126  0.004375     2.224
   1.04405  0.00124 -0.00554  0.02368  0.000291  0.000130  0.001303     2.230
   1.04507  0.00159 -0.00650 -0.02689  0.000291  0.000130  0.001480     2.230
   1.04610  0.00198 -0.00745 -0.08033  0.000283  0.000127  0.004564     2.225
   1.04715  0.00242 -0.00840 -0.13099  0.000300  0.000133  0.006848     2.251
   1.04822  0.00290 -0.00936 -0.18066  0.000299  0.000135  0.009740     2.220
   1.04931  0.00343 -0.01032 -0.23040  0.000306  0.000136  0.011927     2.242
   1.05042  0.00400 -0.01127 -0.27718  0.000314  0.000140  0.013935     2.244
   1.05156  0.00462 -0.01222 -0.32350  0.000318  0.000142  0.016146     2.237
   1.05271  0.00529 -0.01316 -0.36743  0.000329  0.000146  0.017498     2.252
   1.05389  0.00601 -0.01410 -0.40984  0.000336  0.000149  0.019240     2.247
   1.05510  0.00677 -0.01503 -0.45013  0.000346  0.000153  0.020267     2.257
   1.05633  0.00759 -0.01596 -0.48647  0.000362  0.000159  0.020683     2.272
   1.05759  0.00845 -0.01687 -0.52268  0.000368  0.000163  0.022213     2.256
   1.05888  0.00936 -0.01778 -0.55751  0.000379  0.000167  0.022800     2.265
   1.06019  0.01032 -0.01868 -0.58848  0.000396  0.000173  0.022609     2.284
   1.06153  0.01132 -0.01957 -0.61762  0.000409  0.000179  0.023008     2.283
   1.06291  0.01237 -0.02046 -0.64625  0.000419  0.000184  0.023590     2.278
   1.06431  0.01347 -0.02134 -0.67242  0.000436  0.000190  0.023314     2.292
   1.06575  0.01461 -0.02221 -0.69698  0.000450  0.000196  0.023315     2.296
   1.06722  0.01580 -0.02307 -0.72118  0.000461  0.000201  0.023648     2.291
   1.06873  0.01705 -0.02393 -0.74366  0.000477  0.000207  0.023352     2.301
   1.07028  0.01834 -0.02478 -0.76461  0.000493  0.000214  0.023061     2.308
   1.07187  0.01969 -0.02562 -0.78447  0.000509  0.000220  0.022830     2.312
   1.07351  0.02110 -0.02646 -0.80340  0.000525  0.000227  0.022592     2.316
   1.07520  0.02257 -0.02730 -0.82054  0.000546  0.000234  0.021959     2.328
   1.07695  0.02411 -0.02813 -0.83640  0.000566  0.000242  0.021410     2.336
   1.07875  0.02571 -0.02896 -0.85180  0.000584  0.000250  0.021132     2.337
   1.08062  0.02738 -0.02979 -0.86586  0.000605  0.000258  0.020518     2.346
   1.08255  0.02912 -0.03062 -0.87975  0.000623  0.000266  0.020268     2.346
   1.08454  0.03094 -0.03145 -0.89297  0.000643  0.000274  0.019873     2.349
   1.08661  0.03283 -0.03228 -0.90508  0.000666  0.000282  0.019269     2.358
   1.08876  0.03481 -0.03310 -0.91722  0.000685  0.000291  0.019026     2.357
   1.09099  0.03688 -0.03393 -0.92840  0.000708  0.000299  0.018489     2.364
   1.09330  0.03904 -0.03475 -0.93859  0.000734  0.000309  0.017859     2.374
   1.09570  0.04130 -0.03558 -0.94850  0.000757  0.000318  0.017434     2.377
   1.09820  0.04366 -0.03640 -0.95757  0.000784  0.000329  0.016868     2.385
   1.10080  0.04613 -0.03722 -0.96644  0.000808  0.000339  0.016465     2.388
   1.10351  0.04871 -0.03804 -0.97410  0.000840  0.000350  0.015771     2.401
   1.10634  0.05141 -0.03886 -0.98225  0.000863  0.000360  0.015534     2.397
   1.10929  0.05425 -0.03968 -0.98948  0.000893  0.000371  0.014991     2.406
   1.11236  0.05721 -0.04050 -0.99660  0.000921  0.000382  0.014602     2.408
   1.11558  0.06032 -0.04132 -1.00301  0.000953  0.000394  0.014080     2.417
   1.11895  0.06359 -0.04213 -1.00931  0.000984  0.000406  0.013689     2.420
   1.12247  0.06702 -0.04294 -1.01478  0.001020  0.000420  0.013132     2.430
   1.12615  0.07061 -0.04375 -1.02021  0.001053  0.000433  0.012747     2.434
   1.13001  0.07439 -0.04456 -1.02503  0.001090  0.000446  0.012264     2.442
   1.13405  0.07834 -0.04535 -1.02971  0.001126  0.000460  0.011878     2.446
   1.13827  0.08249 -0.04614 -1.03412  0.001163  0.000475  0.011501     2.450
   1.14269  0.08684 -0.04692 -1.03804  0.001204  0.000490  0.011067     2.458
   1.14731  0.09139 -0.04769 -1.04159  0.001246  0.000505  0.010649     2.465
   1.15212  0.09615 -0.04844 -1.04509  0.001285  0.000521  0.010325     2.468
   1.15714  0.10111 -0.04917 -1.04782  0.001333  0.000538  0.009860     2.479
   1.16236  0.10629 -0.04988 -1.05046  0.001378  0.000555  0.009509     2.485
   1.16779  0.11167 -0.05057 -1.05282  0.001424  0.000572  0.009165     2.490
   1.17343  0.11727 -0.05124 -1.05475  0.001474  0.000590  0.008794     2.499
   1.17926  0.12307 -0.05187 -1.05643  0.001524  0.000608  0.008452     2.506
   1.18529  0.12907 -0.05247 -1.05784  0.001575  0.000627  0.008128     2.513
   1.19151  0.13526 -0.05305 -1.05890  0.001629  0.000646  0.007797     2.521
   1.19791  0.14164 -0.05358 -1.05977  0.001682  0.000665  0.007497     2.528
   1.20448  0.14819 -0.05408 -1.06043  0.001736  0.000685  0.007217     2.535
   1.21121  0.15490 -0.05455 -1.06092  0.001791  0.000705  0.006952     2.541
   1.21809  0.16177 -0.05497 -1.06102  0.001850  0.000725  0.006658     2.551
   1.22511  0.16878 -0.05536 -1.06104  0.001907  0.000746  0.006411     2.558
   1.23226  0.17592 -0.05570 -1.06082  0.001966  0.000766  0.006160     2.566
   1.23953  0.18318 -0.05600 -1.06048  0.002025  0.000787  0.005931     2.573
   1.24691  0.19056 -0.05627 -1.05997  0.002085  0.000808  0.005707     2.581
   1.25440  0.19804 -0.05649 -1.05927  0.002147  0.000829  0.005483     2.590
   1.26198  0.20562 -0.05668 -1.05850  0.002207  0.000850  0.005285     2.597
   1.26965  0.21329 -0.05683 -1.05755  0.002270  0.000871  0.005081     2.606
   1.27740  0.22104 -0.05694 -1.05650  0.002333  0.000892  0.004891     2.615
   1.28522  0.22886 -0.05701 -1.05544  0.002395  0.000914  0.004724     2.621
   1.29311  0.23676 -0.05705 -1.05428  0.002457  0.000935  0.004559     2.629
   1.30107  0.24471 -0.05706 -1.05292  0.002524  0.000956  0.004379     2.639
   1.30909  0.25273 -0.05703 -1.05160  0.002587  0.000978  0.004230     2.647
   1.31716  0.26080 -0.05697 -1.05016  0.002653  0.000999  0.004076     2.655
   1.32528  0.26892 -0.05688 -1.04873  0.002717  0.001020  0.003940     2.663
   1.33346  0.27710 -0.05676 -1.04725  0.002781  0.001041  0.003809     2.670
   1.34168  0.28531 -0.05662 -1.04576  0.002845  0.001062  0.003688     2.677
   1.34994  0.29357 -0.05645 -1.04414  0.002913  0.001084  0.003554     2.687
   1.35824  0.30188 -0.05625 -1.04264  0.002974  0.001105  0.003451     2.692
   1.36659  0.31022 -0.05603 -1.04098  0.003043  0.001126  0.003329     2.702
   1.37497  0.31860 -0.05578 -1.03946  0.003103  0.001147  0.003242     2.706
   1.38339  0.32701 -0.05552 -1.03781  0.003171  0.001168  0.003134     2.715
   1.39184  0.33546 -0.05523 -1.03624  0.003233  0.001188  0.003048     2.721
   1.40033  0.34394 -0.05493 -1.03471  0.003294  0.001209  0.002970     2.725
   1.40884  0.35244 -0.05460 -1.03322  0.003353  0.001229  0.002901     2.729
   1.41737  0.36097 -0.05427 -1.03172  0.003412  0.001249  0.002831     2.733
   1.42592  0.36951 -0.05391 -1.03033  0.003467  0.001268  0.002778     2.734
   1.43448  0.37807 -0.05354 -1.02893  0.003523  0.001287  0.002722     2.737
   1.44306  0.38664 -0.05316 -1.02755  0.003579  0.001306  0.002667     2.739
   1.45164  0.39521 -0.05276 -1.02627  0.003630  0.001325  0.002626     2.740
   1.46022  0.40378 -0.05235 -1.02496  0.003683  0.001344  0.002577     2.742
   1.46880  0.41235 -0.05193 -1.02370  0.003736  0.001362  0.002534     2.743
   1.47738  0.42091 -0.05149 -1.02246  0.003787  0.001380  0.002491     2.744
   1.48595  0.42947 -0.05103 -1.02117  0.003843  0.001399  0.002440     2.748
   1.49452  0.43803 -0.05056 -1.01991  0.003898  0.001417  0.002393     2.751
   1.50308  0.44658 -0.05008 -1.01854  0.003961  0.001436  0.002330     2.759
   1.51165  0.45514 -0.04957 -1.01715  0.004024  0.001454  0.002266     2.767
   1.52024  0.46370 -0.04905 -1.01570  0.004092  0.001474  0.002197     2.777
   1.52883  0.47228 -0.04851 -1.01418  0.004164  0.001493  0.002123     2.788
   1.53744  0.48088 -0.04796 -1.01265  0.004237  0.001513  0.002050     2.801
   1.54607  0.48949 -0.04739 -1.01106  0.004314  0.001533  0.001974     2.814
   1.55472  0.49811 -0.04681 -1.00945  0.004392  0.001553  0.001900     2.828
   1.56338  0.50676 -0.04621 -1.00780  0.004473  0.001573  0.001824     2.843
   1.57206  0.51541 -0.04561 -1.00615  0.004554  0.001594  0.001752     2.858
   1.58075  0.52408 -0.04499 -1.00447  0.004638  0.001614  0.001680     2.874
   1.58945  0.53275 -0.04436 -1.00279  0.004723  0.001634  0.001610     2.890
   1.59815  0.54144 -0.04371 -1.00107  0.004810  0.001655  0.001540     2.907
   1.60687  0.55013 -0.04306 -0.99934  0.004900  0.001676  0.001470     2.924
   1.61559  0.55882 -0.04240 -0.99759  0.004994  0.001697  0.001400     2.943
   1.62432  0.56753 -0.04173 -0.99584  0.005088  0.001717  0.001333     2.962
   1.63306  0.57624 -0.04105 -0.99407  0.005185  0.001738  0.001265     2.983
   1.64181  0.58496 -0.04036 -0.99227  0.005288  0.001760  0.001195     3.005
   1.65057  0.59370 -0.03966 -0.99049  0.005390  0.001781  0.001130     3.027
   1.65934  0.60244 -0.03895 -0.98867  0.005500  0.001802  0.001061     3.052
   1.66812  0.61119 -0.03823 -0.98687  0.005610  0.001824  0.000995     3.076
   1.67691  0.61995 -0.03751 -0.98505  0.005726  0.001845  0.000929     3.103
   1.68571  0.62872 -0.03678 -0.98322  0.005847  0.001867  0.000862     3.132
   1.69452  0.63750 -0.03604 -0.98142  0.005968  0.001889  0.000800     3.160
   1.70334  0.64628 -0.03530 -0.97961  0.006096  0.001910  0.000736     3.191
   1.71216  0.65508 -0.03455 -0.97781  0.006228  0.001932  0.000673     3.224
   1.72099  0.66387 -0.03379 -0.97602  0.006365  0.001953  0.000611     3.258
   1.72981  0.67266 -0.03304 -0.97424  0.006507  0.001975  0.000550     3.295
   1.73864  0.68145 -0.03227 -0.97248  0.006655  0.001996  0.000490     3.333
   1.74746  0.69025 -0.03150 -0.97075  0.006809  0.002018  0.000431     3.374
   1.75629  0.69904 -0.03073 -0.96902  0.006972  0.002039  0.000372     3.419
   1.76512  0.70783 -0.02995 -0.96733  0.007144  0.002060  0.000313     3.467
   1.77395  0.71663 -0.02916 -0.96566  0.007326  0.002081  0.000255     3.520
   1.78279  0.72543 -0.02837 -0.96402  0.007515  0.002102  0.000199     3.575
   1.79163  0.73424 -0.02757 -0.96242  0.007714  0.002123  0.000144     3.635
   1.80048  0.74305 -0.02677 -0.96087  0.007923  0.002143  0.000092     3.698
   1.80933  0.75187 -0.02597 -0.95937  0.008140  0.002162  0.000043     3.764
   1.81819  0.76069 -0.02516 -0.95791  0.008369  0.002182 -0.000003     3.836
   1.82704  0.76950 -0.02435 -0.95650  0.008606  0.002200 -0.000046     3.911
   1.83589  0.77831 -0.02353 -0.95514  0.008855  0.002219 -0.000086     3.991
   1.84473  0.78711 -0.02272 -0.95383  0.009113  0.002237 -0.000121     4.074
   1.85356  0.79591 -0.02189 -0.95257  0.009386  0.002254 -0.000154     4.164
   1.86239  0.80470 -0.02107 -0.95135  0.009667  0.002271 -0.000182     4.256
   1.87122  0.81349 -0.02024 -0.95017  0.009963  0.002288 -0.000206     4.354
   1.88004  0.82227 -0.01940 -0.94903  0.010270  0.002305 -0.000226     4.456
   1.88885  0.83103 -0.01857 -0.94795  0.010590  0.002321 -0.000242     4.563
   1.89764  0.83979 -0.01773 -0.94692  0.010921  0.002336 -0.000254     4.674
   1.90642  0.84853 -0.01689 -0.94594  0.011264  0.002351 -0.000264     4.790
   1.91518  0.85725 -0.01605 -0.94502  0.011620  0.002366 -0.000270     4.912
   1.92391  0.86593 -0.01520 -0.94416  0.011982  0.002380 -0.000273     5.035
   1.93259  0.87458 -0.01436 -0.94334  0.012360  0.002393 -0.000274     5.165
   1.94123  0.88318 -0.01352 -0.94258  0.012744  0.002406 -0.000274     5.298
   1.94980  0.89171 -0.01268 -0.94188  0.013138  0.002418 -0.000273     5.434
   1.95829  0.90015 -0.01185 -0.94122  0.013542  0.002429 -0.000271     5.575
   1.96669  0.90851 -0.01101 -0.94061  0.013955  0.002440 -0.000268     5.720
   1.97497  0.91675 -0.01019 -0.94005  0.014373  0.002450 -0.000264     5.867
   1.98311  0.92485 -0.00937 -0.93953  0.014796  0.002459 -0.000261     6.016
   1.99108  0.93278 -0.00857 -0.93906  0.015221  0.002468 -0.000257     6.167
   1.99886  0.94052 -0.00778 -0.93863  0.015645  0.002476 -0.000254     6.318
   2.00640  0.94802 -0.00701 -0.93824  0.016063  0.002484 -0.000251     6.467
   2.01368  0.95526 -0.00626 -0.93788  0.016474  0.002491 -0.000248     6.613
   2.02067  0.96222 -0.00554 -0.93756  0.016874  0.002497 -0.000245     6.756
   2.02735  0.96885 -0.00485 -0.93727  0.017259  0.002503 -0.000243     6.894
   2.03368  0.97516 -0.00419 -0.93701  0.017626  0.002509 -0.000241     7.026
   2.03967  0.98111 -0.00357 -0.93677  0.017973  0.002514 -0.000239     7.150
   2.04530  0.98671 -0.00298 -0.93656  0.018297  0.002518 -0.000238     7.265
   2.05059  0.99197 -0.00242 -0.93636  0.018601  0.002523 -0.000236     7.374
   2.05554  0.99689 -0.00189 -0.93618  0.018879  0.002526 -0.000235     7.473
   2.05866  1.00000 -0.00157 -0.93604  0.018959  0.002530 -0.000192     7.494
   2.05866  1.00010 -0.00001  0.93604  0.035726  0.010335  0.000000     3.457
   2.06179  1.00321 -0.00023  0.93363  0.035282  0.010481  0.000000     3.366
   2.06524  1.00666 -0.00045  0.93105  0.034677  0.010636  0.000000     3.260
   2.06907  1.01049 -0.00068  0.92861  0.033968  0.010782  0.000000     3.151
   2.07331  1.01472 -0.00091  0.92616  0.033172  0.010928  0.000000     3.035
   2.07800  1.01940 -0.00116  0.92371  0.032289  0.011073  0.000000     2.916
   2.08320  1.02459 -0.00143  0.92131  0.031320  0.011214  0.000000     2.793
   2.08895  1.03034 -0.00171  0.91906  0.030267  0.011344  0.000000     2.668
   2.09533  1.03671 -0.00200  0.91703  0.029132  0.011460  0.000000     2.542
   2.10238  1.04375 -0.00232  0.91535  0.027922  0.011555  0.000000     2.416
   2.11019  1.05155 -0.00265  0.91413  0.026645  0.011622  0.000000     2.293
   2.11884  1.06020 -0.00300  0.91348  0.025315  0.011657  0.000000     2.172
   2.12841  1.06976 -0.00337  0.91354  0.023950  0.011654  0.000000     2.055
   2.13901  1.08036 -0.00375  0.91440  0.022571  0.011610  0.000000     1.944
   2.15075  1.09209 -0.00415  0.91610  0.021203  0.011526  0.000000     1.840
   2.16375  1.10508 -0.00457  0.91867  0.019871  0.011405  0.000000     1.742
   2.17814  1.11946 -0.00501  0.92205  0.018598  0.011251  0.000000     1.653
   2.19407  1.13539 -0.00546  0.92613  0.017405  0.011073  0.000000     1.572
   2.21171  1.15303 -0.00593  0.93073  0.016306  0.010881  0.000000     1.499
   2.23125  1.17255 -0.00640  0.93568  0.015311  0.010682  0.000000     1.433
   2.25288  1.19418 -0.00688  0.94079  0.014421  0.010486  0.000000     1.375
   2.27683  1.21812 -0.00736  0.94589  0.013633  0.010298  0.000000     1.324
   2.30334  1.24463 -0.00784  0.95086  0.012941  0.010121  0.000000     1.279
   2.33270  1.27399 -0.00831  0.95561  0.012336  0.009958  0.000000     1.239
   2.36521  1.30649 -0.00876  0.96008  0.011809  0.009810  0.000000     1.204
   2.40120  1.34248 -0.00918  0.96424  0.011352  0.009675  0.000000     1.173
   2.44105  1.38233 -0.00957  0.96809  0.010957  0.009554  0.000000     1.147
   2.48518  1.42646 -0.00991  0.97163  0.010616  0.009446  0.000000     1.124
   2.53403  1.47531 -0.01019  0.97486  0.010323  0.009348  0.000000     1.104
   2.58813  1.52941 -0.01038  0.97781  0.010073  0.009261  0.000000     1.088
   2.64803  1.58931 -0.01048  0.98048  0.009859  0.009184  0.000000     1.073
   2.71435  1.65562 -0.01046  0.98288  0.009677  0.009115  0.000000     1.062
   2.78778  1.72905 -0.01030  0.98504  0.009523  0.009055  0.000000     1.052
   2.86908  1.81036 -0.00997  0.98696  0.009393  0.009001  0.000000     1.044
   2.95910  1.90038 -0.00943  0.98866  0.009284  0.008954  0.000000     1.037
   3.05878  2.00005 -0.00867  0.99056  0.009180  0.008902  0.000000     1.031
